crossing time (s)	slope (V/s)	crossing number
281474976710655.000000	6.858701	3275	0.000000
281474976710655.000000	7.095747	3276	3465876992.000000
281474976710655.000000	6.438204	3277	3466895104.000000
281474976710655.000000	7.382888	3278	3467961344.000000
281474976710655.000000	7.546185	3279	3468973824.000000
281474976710655.000000	6.943435	3280	3470044672.000000
281474976710655.000000	6.961419	3281	3471060736.000000
281474976710655.000000	8.009697	3282	3472131072.000000
281474976710655.000000	7.051980	3283	3473144064.000000
281474976710655.000000	7.578310	3284	3474213120.000000
281474976710655.000000	7.554734	3285	3475231232.000000
281474976710655.000000	7.451859	3286	3476298496.000000
281474976710655.000000	7.549019	3287	3477312512.000000
281474976710655.000000	7.811471	3288	3478387968.000000
281474976710655.000000	7.912766	3289	3479395840.000000
281474976710655.000000	7.895766	3290	3480470016.000000
281474976710655.000000	7.536687	3291	3481479936.000000
281474976710655.000000	8.141078	3292	3482556928.000000
281474976710655.000000	8.211166	3293	3483564032.000000
281474976710655.000000	8.203909	3294	3484640512.000000
281474976710655.000000	8.314607	3295	3485647616.000000
281474976710655.000000	8.743913	3296	3486724096.000000
281474976710655.000000	8.594878	3297	3487735296.000000
281474976710655.000000	8.371199	3298	3488806144.000000
281474976710655.000000	8.484058	3299	3489823232.000000
281474976710655.000000	8.782904	3300	3490888960.000000
281474976710655.000000	9.093225	3301	3491910144.000000
281474976710655.000000	9.340751	3302	3492968960.000000
281474976710655.000000	9.007632	3303	3493998592.000000
281474976710655.000000	9.151065	3304	3495051008.000000
281474976710655.000000	9.119276	3305	3496085504.000000
281474976710655.000000	8.940415	3306	3497131520.000000
281474976710655.000000	8.874176	3307	3498172928.000000
281474976710655.000000	9.643066	3308	3499214336.000000
281474976710655.000000	9.675069	3309	3500257280.000000
281474976710655.000000	9.154136	3310	3501299968.000000
281474976710655.000000	9.630617	3311	3502342656.000000
281474976710655.000000	9.536903	3312	3503384320.000000
281474976710655.000000	9.861275	3313	3504425216.000000
281474976710655.000000	9.645849	3314	3505467392.000000
281474976710655.000000	9.702920	3315	3506509312.000000
281474976710655.000000	9.768974	3316	3507554816.000000
281474976710655.000000	10.006419	3317	3508594688.000000
281474976710655.000000	9.981062	3318	3509639680.000000
281474976710655.000000	10.363286	3319	3510677760.000000
281474976710655.000000	10.352386	3320	3511723520.000000
281474976710655.000000	10.349375	3321	3512760832.000000
281474976710655.000000	10.636730	3322	3513807616.000000
281474976710655.000000	10.388450	3323	3514846208.000000
281474976710655.000000	10.220269	3324	3515892224.000000
281474976710655.000000	10.583611	3325	3516931584.000000
281474976710655.000000	11.255747	3326	3517974528.000000
281474976710655.000000	10.963922	3327	3519017216.000000
281474976710655.000000	10.825095	3328	3520058368.000000
281474976710655.000000	10.876333	3329	3521102592.000000
281474976710655.000000	11.099564	3330	3522140928.000000
281474976710655.000000	10.804307	3331	3523187200.000000
281474976710655.000000	11.118582	3332	3524228096.000000
281474976710655.000000	11.782013	3333	3525269504.000000
281474976710655.000000	11.307463	3334	3526312704.000000
281474976710655.000000	11.189073	3335	3527353088.000000
281474976710655.000000	11.802503	3336	3528399104.000000
281474976710655.000000	12.047177	3337	3529435136.000000
281474976710655.000000	11.791541	3338	3530485760.000000
281474976710655.000000	12.012764	3339	3531516928.000000
281474976710655.000000	12.231628	3340	3532572672.000000
281474976710655.000000	12.505020	3341	3533597696.000000
281474976710655.000000	12.497366	3342	3534659840.000000
281474976710655.000000	12.624497	3343	3535680000.000000
281474976710655.000000	13.035891	3344	3536746240.000000
281474976710655.000000	12.614677	3345	3537762048.000000
281474976710655.000000	12.308451	3346	3538831360.000000
281474976710655.000000	12.379614	3347	3539845632.000000
281474976710655.000000	13.153831	3348	3540916480.000000
281474976710655.000000	12.570359	3349	3541930240.000000
281474976710655.000000	13.041346	3350	3543001344.000000
281474976710655.000000	12.742923	3351	3544014080.000000
281474976710655.000000	12.987313	3352	3545083648.000000
281474976710655.000000	12.675967	3353	3546100224.000000
281474976710655.000000	13.259584	3354	3547167744.000000
281474976710655.000000	12.411174	3355	3548184576.000000
281474976710655.000000	13.959583	3356	3549251584.000000
281474976710655.000000	13.054235	3357	3550268160.000000
281474976710655.000000	13.355343	3358	3551335936.000000
281474976710655.000000	13.167490	3359	3552352256.000000
281474976710655.000000	13.581579	3360	3553418752.000000
281474976710655.000000	13.032787	3361	3554437120.000000
281474976710655.000000	14.411544	3362	3555504384.000000
281474976710655.000000	13.853455	3363	3556522240.000000
281474976710655.000000	14.593584	3364	3557587712.000000
281474976710655.000000	14.322827	3365	3558604288.000000
281474976710655.000000	14.161304	3366	3559673088.000000
281474976710655.000000	14.082603	3367	3560688896.000000
281474976710655.000000	14.262656	3368	3561757440.000000
281474976710655.000000	13.791475	3369	3562773760.000000
281474976710655.000000	15.320832	3370	3563842304.000000
281474976710655.000000	15.074335	3371	3564858112.000000
281474976710655.000000	15.351556	3372	3565924608.000000
281474976710655.000000	15.171769	3373	3566941952.000000
281474976710655.000000	16.163973	3374	3568008448.000000
281474976710655.000000	14.904594	3375	3569027328.000000
281474976710655.000000	15.887850	3376	3570091520.000000
281474976710655.000000	15.096949	3377	3571114240.000000
281474976710655.000000	16.643663	3378	3572173312.000000
281474976710655.000000	15.616506	3379	3573199872.000000
281474976710655.000000	16.261486	3380	3574255360.000000
281474976710655.000000	15.813988	3381	3575286528.000000
281474976710655.000000	15.545146	3382	3576338176.000000
281474976710655.000000	15.671765	3383	3577372672.000000
281474976710655.000000	16.497051	3384	3578420992.000000
281474976710655.000000	16.144054	3385	3579458048.000000
281474976710655.000000	16.333511	3386	3580503040.000000
281474976710655.000000	16.371964	3387	3581542656.000000
281474976710655.000000	16.554325	3388	3582585856.000000
281474976710655.000000	16.681051	3389	3583628032.000000
281474976710655.000000	16.780447	3390	3584669440.000000
281474976710655.000000	17.381563	3391	3585712384.000000
281474976710655.000000	16.132021	3392	3586754816.000000
281474976710655.000000	22.079390	3393	3587796736.000000
281474976710655.000000	16.032036	3394	3588835072.000000
281474976710655.000000	16.816170	3395	3589880320.000000
281474976710655.000000	16.873283	3396	3590921472.000000
281474976710655.000000	15.788771	3397	3591965440.000000
281474976710655.000000	17.098976	3398	3593005312.000000
281474976710655.000000	16.998795	3399	3594048768.000000
281474976710655.000000	17.872627	3400	3595089408.000000
281474976710655.000000	18.278090	3401	0.000000
281474976710655.000000	17.711081	3402	0.000000
281474976710655.000000	17.123817	3403	0.000000
281474976710655.000000	17.585051	3404	0.000000
281474976710655.000000	17.520945	3405	0.000000
281474976710655.000000	18.628075	3406	0.000000
281474976710655.000000	17.456982	3407	0.000000
281474976710655.000000	4.303475	3408	0.000000
281474976710655.000000	4.281374	3409	0.000000
281474976710655.000000	4.201193	3410	0.000000
281474976710655.000000	4.270834	3411	0.000000
281474976710655.000000	4.209169	3412	0.000000
281474976710655.000000	4.275212	3413	0.000000
281474976710655.000000	4.324182	3414	0.000000
281474976710655.000000	4.133706	3415	0.000000
281474976710655.000000	4.169816	3416	0.000000
281474976710655.000000	4.267269	3417	0.000000
281474976710655.000000	4.103694	3418	0.000000
281474976710655.000000	4.164840	3419	0.000000
281474976710655.000000	4.128853	3420	0.000000
281474976710655.000000	4.208803	3421	0.000000
281474976710655.000000	4.213852	3422	0.000000
281474976710655.000000	4.088457	3423	0.000000
281474976710655.000000	4.121078	3424	0.000000
281474976710655.000000	4.159031	3425	0.000000
281474976710655.000000	4.091479	3426	0.000000
281474976710655.000000	4.110454	3427	0.000000
281474976710655.000000	4.138381	3428	0.000000
