time (s)	energy (uJ)	charge (mC)	voltage (mV)	crossing#mod 255
3465.882600	33.645596	0.019611	1.715655	204
3466.899576	37.120499	0.019586	1.895293	205
3467.967987	32.642933	0.019589	1.666374	206
3468.980208	35.101364	0.019593	1.791491	207
3470.049755	32.622105	0.019606	1.663900	208
3471.065971	36.631050	0.019559	1.872815	209
3472.136236	34.919075	0.019594	1.782090	210
3473.148845	36.878742	0.019590	1.882572	211
3474.218605	35.506096	0.019562	1.815068	212
3475.236681	38.697670	0.019549	1.979496	213
3476.304418	33.666977	0.019634	1.714724	214
3477.317310	36.450310	0.019588	1.860862	215
3478.393265	36.022976	0.019558	1.841840	216
3479.400939	37.611446	0.019531	1.925727	217
3480.475185	35.067982	0.019596	1.789547	218
3481.486318	38.306381	0.019587	1.955739	219
3482.561862	36.189465	0.019614	1.845098	220
3483.569265	39.578594	0.019590	2.020317	221
3484.645499	37.074314	0.019625	1.889111	222
3485.653134	40.322411	0.019583	2.059057	223
3486.729365	36.340912	0.019609	1.853271	224
3487.741040	39.554157	0.019623	2.015750	225
3488.811393	37.977604	0.019562	1.941406	226
3489.827757	40.748463	0.019659	2.072813	227
3490.896391	39.234375	0.019626	1.999084	228
3491.916608	41.111446	0.019591	2.098448	229
3492.974988	38.690044	0.019620	1.971964	230
3494.003993	39.792866	0.019577	2.032647	231
3495.056191	39.704464	0.019592	2.026518	232
3496.089776	39.859161	0.019604	2.033200	233
3497.137602	40.425404	0.019646	2.057656	234
3498.178233	40.548615	0.019587	2.070205	235
3499.219985	41.194954	0.019587	2.103136	236
3500.263886	39.968868	0.019586	2.040725	237
3501.305342	41.179615	0.019600	2.101029	238
3502.348824	40.282635	0.019639	2.051166	239
3503.389837	41.570625	0.019577	2.123450	240
3504.430454	40.959698	0.019595	2.090309	241
3505.472660	41.833263	0.019583	2.136252	242
3506.514627	41.587761	0.019551	2.127192	243
3507.560745	41.776760	0.019564	2.135405	244
3508.600738	42.117928	0.019621	2.146611	245
3509.644218	43.024975	0.019624	2.192460	246
3510.682448	42.972984	0.019638	2.188304	247
3511.727538	42.219730	0.019610	2.152991	248
3512.766056	42.320835	0.019585	2.160866	249
3513.809804	42.498707	0.019589	2.169483	250
3514.851042	43.095615	0.019619	2.196625	251
3515.897351	43.770283	0.019588	2.234518	252
3516.937100	43.823620	0.019578	2.238453	253
3517.979852	44.133789	0.019583	2.253684	254
3519.022708	43.302101	0.019579	2.211668	255
3520.063254	44.637207	0.019615	2.275700	0
3521.107877	42.308475	0.019583	2.160517	1
3522.147187	44.477337	0.019588	2.270648	2
3523.193323	44.033043	0.019621	2.244209	3
3524.232935	45.500347	0.019619	2.319219	4
3525.275194	43.933411	0.019598	2.241716	5
3526.318853	44.806675	0.019604	2.285620	6
3527.360879	44.851349	0.019562	2.292819	7
3528.405376	45.721092	0.019580	2.335046	8
3529.440774	45.809612	0.019575	2.340218	9
3530.491073	44.815807	0.019586	2.288196	10
3531.521635	46.246693	0.019636	2.355170	11
3532.577550	45.195255	0.019618	2.303773	12
3533.604268	46.412075	0.019551	2.373839	13
3534.666320	45.056534	0.019581	2.301087	14
3535.683946	47.450832	0.019574	2.424221	15
3536.751643	44.389309	0.019543	2.271370	16
3537.767566	46.946003	0.019536	2.402995	17
3538.836487	44.872818	0.019588	2.290788	18
3539.850604	46.781231	0.019563	2.391300	19
3540.921371	45.292938	0.019585	2.312643	20
3541.934939	47.569122	0.019605	2.426379	21
3543.005666	44.360928	0.019548	2.269371	22
3544.020011	47.716431	0.019616	2.432538	23
3545.088731	45.275146	0.019558	2.314939	24
3546.104210	47.904087	0.019598	2.444318	25
3547.172607	46.191776	0.019594	2.357413	26
3548.189401	48.257427	0.019623	2.459268	27
3549.256780	45.285210	0.019583	2.312461	28
3550.272743	47.253544	0.019565	2.415231	29
3551.341227	45.882427	0.019579	2.343444	30
3552.357423	48.416409	0.019636	2.465634	31
3553.423844	46.890278	0.019607	2.391462	32
3554.441261	48.301601	0.019573	2.467810	33
3555.511665	45.324497	0.019591	2.313533	34
3556.527484	48.234680	0.019572	2.464420	35
3557.593272	46.452599	0.019534	2.378061	36
3558.609883	48.120190	0.019567	2.459261	37
3559.678558	46.475483	0.019579	2.373767	38
3560.694440	48.904984	0.019531	2.503969	39
3561.762094	47.593296	0.019573	2.431573	40
3562.780137	48.773853	0.019530	2.497378	41
3563.846636	47.771820	0.019588	2.438890	42
3564.863405	48.960098	0.019542	2.505320	43
3565.930779	47.746006	0.019591	2.437118	44
3566.947389	49.283100	0.019576	2.517528	45
3568.014787	46.739647	0.019583	2.386775	46
3569.032271	49.470562	0.019600	2.523977	47
3570.098601	47.761570	0.019611	2.435422	48
3571.120732	48.764172	0.019582	2.490202	49
3572.177871	48.798077	0.019617	2.487479	50
3573.206584	48.925335	0.019573	2.499680	51
3574.260096	48.506676	0.019568	2.478889	52
3575.292567	48.540558	0.019581	2.478910	53
3576.343568	48.326656	0.019576	2.468680	54
3577.376938	48.238857	0.019585	2.463052	55
3578.425960	49.013050	0.019609	2.499535	56
3579.463551	48.297657	0.019575	2.467315	57
3580.508642	48.943645	0.019614	2.495355	58
3581.548183	48.366001	0.019567	2.471859	59
3582.592185	49.279373	0.019576	2.517397	60
3583.631151	48.890587	0.019584	2.496468	61
3584.675240	49.610161	0.019606	2.530302	62
3585.717658	48.384354	0.019579	2.471234	63
3586.759846	49.194595	0.019587	2.511572	64
3587.801604	48.785473	0.019581	2.491413	65
3588.841382	51.061932	0.019581	2.607721	66
3589.884758	48.949913	0.019534	2.505919	67
3590.926223	49.645092	0.019597	2.533337	68
3591.971955	47.415249	0.019600	2.419182	69
3593.011824	48.220432	0.019536	2.468274	70
3594.054482	47.522923	0.019623	2.421835	71
3595.094158	48.454811	0.019565	2.476564	72
