time (s)	energy (uJ)	charge (mC)	voltage (mV)	crossing#mod 255
4293.522335	49.349659	0.024213	2.038147	209
4294.534996	53.376797	0.024219	2.203925	210
4295.602198	49.741875	0.024209	2.054720	211
4296.625397	50.729103	0.024211	2.095327	212
4297.684167	46.851463	0.024180	1.937649	213
4298.713612	51.382626	0.024230	2.120599	214
4299.761222	49.982761	0.024176	2.067481	215
4300.806308	49.073692	0.024168	2.030534	216
4301.843391	51.828037	0.024174	2.143919	217
4302.893034	53.555523	0.024172	2.215577	218
4303.931413	52.623913	0.024181	2.176265	219
4304.971370	51.521240	0.024166	2.131933	220
4306.021445	53.683163	0.024168	2.221256	221
4307.054174	57.280029	0.024216	2.365412	222
4308.112756	53.546509	0.024196	2.212993	223
4309.130749	57.167637	0.024126	2.369573	224
4310.199183	49.334446	0.024168	2.041349	225
4311.213288	53.869720	0.024155	2.230181	226
4312.285657	52.209328	0.024169	2.160159	227
4313.301813	57.800911	0.024193	2.389157	228
4314.364222	52.279648	0.024178	2.162287	229
4315.391788	55.334831	0.024148	2.291471	230
4316.446284	54.117466	0.024169	2.239167	231
4317.479320	55.998772	0.024159	2.317911	232
4318.527362	55.741604	0.024170	2.306279	233
4319.567280	56.673340	0.024201	2.341762	234
4320.610487	55.930031	0.024156	2.315398	235
4321.651342	56.226318	0.024171	2.326149	236
4322.692656	55.387142	0.024190	2.289642	237
4323.739549	55.780224	0.024162	2.308638	238
4324.777702	57.694149	0.024188	2.385283	239
4325.823921	56.635002	0.024189	2.341393	240
4326.862753	56.971222	0.024167	2.357395	241
4327.907219	58.090038	0.024157	2.404702	242
4328.947750	58.538029	0.024181	2.420866	243
4329.992502	56.326794	0.024156	2.331789	244
4331.031192	57.255932	0.024134	2.372402	245
4332.078001	57.513565	0.024119	2.384607	246
4333.118976	58.360973	0.024207	2.410912	247
4334.160083	58.421680	0.024149	2.419243	248
4335.204534	58.770081	0.024194	2.429109	249
4336.242015	57.944427	0.024158	2.398550	250
4337.292031	56.919266	0.024145	2.357404	251
4338.323767	58.353123	0.024150	2.416322	252
4339.381067	56.503849	0.024177	2.337121	253
4340.404285	60.172577	0.024159	2.490684	254
4341.468251	57.139057	0.024150	2.366001	255
4342.485936	58.894058	0.024144	2.439277	0
4343.551741	57.864708	0.024139	2.397109	1
4344.570905	61.559650	0.024203	2.543519	2
4345.636463	58.514229	0.024126	2.425313	3
4346.660968	60.335403	0.024190	2.494246	4
4347.716224	58.295048	0.024155	2.413380	5
4348.749248	58.514263	0.024167	2.421246	6
4349.796874	59.440132	0.024132	2.463125	7
4350.838435	58.839718	0.024195	2.431932	8
4351.878414	59.889668	0.024223	2.472477	9
4352.922425	59.370731	0.024179	2.455427	10
4353.961288	59.953171	0.024145	2.483055	11
4355.007318	59.051208	0.024115	2.448753	12
4356.048935	59.692024	0.024147	2.472060	13
4357.088795	58.339836	0.024179	2.412864	14
4358.135215	59.186779	0.024187	2.447022	15
4359.169939	59.312393	0.024127	2.458387	16
4360.223156	55.424702	0.024102	2.299553	17
4361.253778	59.287113	0.024153	2.454635	18
4362.310381	56.793804	0.024110	2.355646	19
4363.335601	60.182640	0.024186	2.488325	20
4364.394066	57.348797	0.024143	2.375368	21
4365.419443	59.592129	0.024088	2.473893	22
4366.479213	58.359493	0.024129	2.418617	23
4367.502652	59.862415	0.024099	2.484045	24
4368.564138	58.115402	0.024135	2.407937	25
4369.587706	60.305676	0.024129	2.499307	26
4370.647242	58.401840	0.024185	2.414838	27
4371.672578	60.044544	0.024135	2.487880	28
4372.729489	58.396896	0.024149	2.418160	29
4373.758756	59.310196	0.024181	2.452740	30
4374.814108	57.093227	0.024129	2.366207	31
4375.829916	63.586582	0.024174	2.630344	32
4376.896477	57.909603	0.024146	2.398309	33
4377.933721	58.089996	0.024165	2.403916	34
4378.978386	58.521679	0.024140	2.424240	35
4380.017571	58.336941	0.024180	2.412593	36
4381.060316	58.195751	0.024138	2.410969	37
4382.103110	58.540306	0.024176	2.421392	38
4383.143514	59.443542	0.024187	2.457616	39
4384.186477	57.680801	0.024130	2.390450	40
4385.228033	58.672459	0.024146	2.429874	41
4386.267722	59.032314	0.024088	2.450690	42
4387.317234	58.851509	0.024192	2.432690	43
4388.349237	59.097569	0.024149	2.447211	44
4389.404161	58.648319	0.024172	2.426274	45
4390.431315	59.520554	0.024172	2.462400	46
4391.489925	56.272194	0.024193	2.325928	47
4392.513054	58.642914	0.024114	2.431867	48
4393.576551	56.192581	0.024086	2.333011	49
4394.596509	58.391514	0.024095	2.423378	50
4395.659003	56.834248	0.024164	2.352036	51
4396.684140	57.321609	0.024178	2.370836	52
4397.741738	56.978680	0.024256	2.349084	53
4398.769759	57.009468	0.024134	2.362217	54
4399.823042	57.512920	0.024129	2.383549	55
4400.854536	57.832150	0.024172	2.392540	56
4401.904832	58.464119	0.024149	2.420970	57
4402.941497	56.859562	0.024098	2.359490	58
4403.989175	51.465656	0.024144	2.131596	59
4405.026235	56.294296	0.024145	2.331529	60
4406.071912	57.090988	0.024178	2.361308	61
4407.109923	57.096550	0.024181	2.361237	62
4408.157264	56.751312	0.024174	2.347576	63
4409.194243	56.447258	0.024123	2.340004	64
4410.240400	57.132671	0.024137	2.367001	65
4411.278342	56.029869	0.024140	2.321001	66
4412.324608	56.995640	0.024159	2.359189	67
4413.362515	55.198536	0.024127	2.287815	68
4414.410114	56.444763	0.024121	2.340074	69
4415.444242	55.965145	0.024167	2.315803	70
4416.496850	55.495888	0.024124	2.300479	71
4417.527129	55.215805	0.024128	2.288472	72
4418.580572	55.850403	0.024124	2.315182	73
4419.609612	55.535641	0.024135	2.300994	74
4420.667524	55.273842	0.024132	2.290504	75
4421.692210	56.331627	0.024255	2.322502	76
