crossing time (s)	slope (V/s)	crossing number
281474976710655.000000	10.377441	1223	0.000000
281474976710655.000000	9.562105	1224	0.000000
281474976710655.000000	9.765174	1225	0.000000
281474976710655.000000	10.152123	1226	0.000000
281474976710655.000000	10.319217	1227	0.000000
281474976710655.000000	9.550105	1228	1325660416.000000
281474976710655.000000	9.720903	1229	1326673408.000000
281474976710655.000000	9.935865	1230	1327748864.000000
281474976710655.000000	9.956299	1231	1328758912.000000
281474976710655.000000	9.870317	1232	1329833472.000000
281474976710655.000000	10.098834	1233	1330843008.000000
281474976710655.000000	10.891654	1234	1331918208.000000
281474976710655.000000	11.038347	1235	1332928256.000000
281474976710655.000000	10.254519	1236	1333999616.000000
281474976710655.000000	10.165271	1237	1335016832.000000
281474976710655.000000	10.882331	1238	1336083328.000000
281474976710655.000000	10.941904	1239	1337101312.000000
281474976710655.000000	10.129499	1240	1338165760.000000
281474976710655.000000	10.418046	1241	1339188224.000000
281474976710655.000000	11.397379	1242	1340250624.000000
281474976710655.000000	10.555941	1243	1341273984.000000
281474976710655.000000	10.625968	1244	1342331904.000000
281474976710655.000000	11.622623	1245	1343358208.000000
281474976710655.000000	11.477557	1246	1344414848.000000
281474976710655.000000	10.659666	1247	1345441920.000000
281474976710655.000000	10.684402	1248	1346504320.000000
281474976710655.000000	11.097762	1249	1347526016.000000
281474976710655.000000	11.247166	1250	1348587392.000000
281474976710655.000000	11.334408	1251	1349610240.000000
281474976710655.000000	11.608403	1252	1350675328.000000
281474976710655.000000	11.595396	1253	1351691904.000000
281474976710655.000000	11.383729	1254	1352761344.000000
281474976710655.000000	11.435789	1255	1353776640.000000
281474976710655.000000	12.188192	1256	1354846464.000000
281474976710655.000000	11.899534	1257	1355859200.000000
281474976710655.000000	11.251921	1258	1356930816.000000
281474976710655.000000	11.575368	1259	1357944576.000000
281474976710655.000000	11.822478	1260	1359014912.000000
281474976710655.000000	11.530624	1261	1360029824.000000
281474976710655.000000	12.383326	1262	1361096320.000000
281474976710655.000000	12.103011	1263	1362116096.000000
281474976710655.000000	12.183176	1264	1363178752.000000
281474976710655.000000	12.059458	1265	1364203776.000000
281474976710655.000000	12.120802	1266	1365257472.000000
281474976710655.000000	11.835354	1267	1366292480.000000
281474976710655.000000	12.483466	1268	1367339776.000000
281474976710655.000000	11.790216	1269	1368378240.000000
281474976710655.000000	12.646104	1270	1369423232.000000
281474976710655.000000	12.274717	1271	1370464384.000000
281474976710655.000000	12.731804	1272	1371506048.000000
281474976710655.000000	12.622563	1273	1372548992.000000
281474976710655.000000	12.541120	1274	1373590912.000000
281474976710655.000000	12.889975	1275	1374631808.000000
281474976710655.000000	12.371284	1276	1375676800.000000
281474976710655.000000	12.144580	1277	1376714752.000000
281474976710655.000000	13.141619	1278	1377762176.000000
281474976710655.000000	13.135343	1279	1378798592.000000
281474976710655.000000	12.915664	1280	1379847552.000000
281474976710655.000000	13.120145	1281	1380882176.000000
281474976710655.000000	13.148063	1282	1381931520.000000
281474976710655.000000	13.384515	1283	1382964864.000000
281474976710655.000000	13.732840	1284	1384016768.000000
281474976710655.000000	12.444004	1285	1385048960.000000
281474976710655.000000	13.669741	1286	1386100864.000000
281474976710655.000000	13.256854	1287	1387134848.000000
281474976710655.000000	13.793774	1288	1388182656.000000
281474976710655.000000	13.373584	1289	1389218944.000000
281474976710655.000000	12.992483	1290	1390266368.000000
281474976710655.000000	13.159792	1291	1391303424.000000
281474976710655.000000	14.050535	1292	1392348800.000000
281474976710655.000000	14.204733	1293	1393389568.000000
281474976710655.000000	13.882369	1294	1394433920.000000
281474976710655.000000	13.301977	1295	1395474176.000000
281474976710655.000000	13.948906	1296	1396515584.000000
281474976710655.000000	13.347307	1297	1397558144.000000
281474976710655.000000	14.027491	1298	1398601344.000000
281474976710655.000000	14.631685	1299	1399641216.000000
281474976710655.000000	13.888656	1300	1400685696.000000
281474976710655.000000	13.644087	1301	1401724800.000000
281474976710655.000000	14.437203	1302	1402772096.000000
281474976710655.000000	13.836870	1303	1403805312.000000
281474976710655.000000	14.327532	1304	1404858752.000000
281474976710655.000000	14.048648	1305	1405887104.000000
281474976710655.000000	14.086456	1306	1406946560.000000
281474976710655.000000	14.503936	1307	1407967616.000000
281474976710655.000000	14.222766	1308	1409032192.000000
281474976710655.000000	14.049823	1309	1410050560.000000
281474976710655.000000	14.531765	1310	1411116288.000000
281474976710655.000000	15.100773	1311	1412134528.000000
281474976710655.000000	14.534334	1312	1413202048.000000
281474976710655.000000	14.542905	1313	1414218368.000000
281474976710655.000000	15.513419	1314	1415284480.000000
281474976710655.000000	14.818396	1315	1416302720.000000
281474976710655.000000	14.328968	1316	1417368704.000000
281474976710655.000000	14.685574	1317	1418387456.000000
281474976710655.000000	14.978354	1318	1419451520.000000
281474976710655.000000	15.152279	1319	1420472448.000000
281474976710655.000000	15.298705	1320	1421534848.000000
281474976710655.000000	15.082403	1321	1422556544.000000
281474976710655.000000	15.410911	1322	1423618816.000000
281474976710655.000000	14.859336	1323	1424639744.000000
281474976710655.000000	14.832445	1324	1425702144.000000
281474976710655.000000	15.394972	1325	1426725120.000000
281474976710655.000000	15.199077	1326	1427787008.000000
281474976710655.000000	15.066897	1327	1428808064.000000
281474976710655.000000	15.810653	1328	1429871104.000000
281474976710655.000000	16.182634	1329	1430891520.000000
281474976710655.000000	15.236326	1330	1431956608.000000
281474976710655.000000	15.557263	1331	1432974208.000000
281474976710655.000000	15.732306	1332	1434040960.000000
281474976710655.000000	15.369083	1333	1435057920.000000
281474976710655.000000	16.740967	1334	1436124928.000000
281474976710655.000000	15.420890	1335	1437141760.000000
281474976710655.000000	15.750540	1336	1438208512.000000
281474976710655.000000	15.391372	1337	1439226240.000000
281474976710655.000000	15.831911	1338	1440292224.000000
281474976710655.000000	16.340231	1339	1441311488.000000
281474976710655.000000	16.190601	1340	1442373504.000000
281474976710655.000000	16.058586	1341	1443396864.000000
281474976710655.000000	16.077000	1342	1444455424.000000
281474976710655.000000	15.780011	1343	1445483520.000000
281474976710655.000000	16.037357	1344	1446538368.000000
281474976710655.000000	15.985578	1345	1447570304.000000
281474976710655.000000	16.414024	1346	1448618752.000000
281474976710655.000000	15.732253	1347	1449656576.000000
281474976710655.000000	16.041464	1348	1450700544.000000
281474976710655.000000	15.971139	1349	1451741440.000000
281474976710655.000000	15.962575	1350	1452783104.000000
281474976710655.000000	16.432453	1351	1453826176.000000
281474976710655.000000	16.278439	1352	1454866944.000000
281474976710655.000000	16.493280	1353	1455909248.000000
281474976710655.000000	16.589069	1354	1456951680.000000
281474976710655.000000	16.577990	1355	1457992576.000000
281474976710655.000000	16.673887	1356	1459035264.000000
281474976710655.000000	17.199379	1357	1460076160.000000
281474976710655.000000	16.896624	1358	1461119488.000000
281474976710655.000000	17.368938	1359	1462160000.000000
281474976710655.000000	16.762344	1360	1463203968.000000
