time (s)	energy (uJ)	charge (mC)	voltage (mV)	crossing#mod 255
2941.565118	20.464804	0.014627	1.399134	215
2942.619847	21.333588	0.014607	1.460521	216
2943.652948	21.981760	0.014585	1.507200	217
2944.697113	21.726387	0.014605	1.487592	218
2945.730997	22.075521	0.014630	1.508934	219
2946.779598	20.089186	0.014596	1.376394	220
2947.810179	20.713884	0.014648	1.414140	221
2948.867708	19.997450	0.014601	1.369628	222
2949.896592	22.172934	0.014618	1.516819	223
2950.956276	22.801901	0.014637	1.557877	224
2951.981454	24.380959	0.014599	1.670058	225
2953.039296	21.785145	0.014613	1.490770	226
2954.063944	23.833549	0.014638	1.628166	227
2955.123973	19.791758	0.014631	1.352713	228
2956.139331	22.259590	0.014600	1.524607	229
2957.209176	21.226606	0.014619	1.452012	230
2958.225224	23.843031	0.014634	1.629264	231
2959.298676	23.215746	0.014619	1.588092	232
2960.308743	26.246729	0.014634	1.793500	233
2961.381405	21.205175	0.014632	1.449251	234
2962.393387	24.865122	0.014619	1.700837	235
2963.464058	21.321903	0.014602	1.460250	236
2964.472976	23.409431	0.014569	1.606768	237
2965.552980	23.197336	0.014621	1.586558	238
2966.556289	25.255651	0.014591	1.730952	239
2967.637643	22.045616	0.014574	1.512681	240
2968.640556	26.027187	0.014627	1.779434	241
2969.720302	22.082237	0.014610	1.511410	242
2970.726754	25.669863	0.014629	1.754678	243
2971.802017	22.445110	0.014696	1.527332	244
2972.806803	25.204271	0.014636	1.722062	245
2973.886365	23.636156	0.014597	1.619258	246
2974.893123	27.022621	0.014572	1.854400	247
2975.973186	22.728710	0.014605	1.556179	248
2976.978773	26.913107	0.014672	1.834331	249
2978.052332	22.831478	0.014597	1.564073	250
2979.059578	25.893534	0.014608	1.772605	251
2980.138152	24.293407	0.014639	1.659524	252
2981.148456	27.377934	0.014604	1.874636	253
2982.221176	24.447500	0.014612	1.673150	254
2983.233666	27.701876	0.014602	1.897125	255
2984.304526	24.187975	0.014572	1.659947	0
2985.315340	27.224928	0.014631	1.860833	1
2986.387497	24.719910	0.014632	1.689456	2
2987.400049	26.850863	0.014613	1.837457	3
2988.474017	25.846565	0.014575	1.773324	4
2989.486696	28.527990	0.014629	1.950072	5
2990.552488	25.476105	0.014613	1.743353	6
2991.570586	27.783445	0.014610	1.901713	7
2992.634254	25.142809	0.014611	1.720816	8
2993.656696	27.192215	0.014609	1.861339	9
2994.720365	26.659903	0.014622	1.823224	10
2995.742797	27.976879	0.014575	1.919470	11
2996.800456	27.431349	0.014630	1.874991	12
2997.828679	28.542459	0.014602	1.954648	13
2998.882594	26.585989	0.014595	1.821610	14
2999.914638	28.137083	0.014605	1.926503	15
3000.967165	26.921122	0.014601	1.843745	16
3002.000669	28.623518	0.014595	1.961186	17
3003.048868	27.664154	0.014573	1.898335	18
3004.083138	28.403469	0.014635	1.940796	19
3005.128975	28.378136	0.014603	1.943269	20
3006.168961	28.733206	0.014603	1.967597	21
3007.215413	27.528379	0.014622	1.882667	22
3008.254003	28.639942	0.014627	1.957994	23
3009.298202	28.264927	0.014596	1.936484	24
3010.337471	29.226595	0.014563	2.006941	25
3011.380517	28.973341	0.014620	1.981744	26
3012.422956	29.781988	0.014586	2.041870	27
3013.465050	28.702248	0.014604	1.965337	28
3014.505137	29.088194	0.014570	1.996388	29
3015.550445	28.717434	0.014638	1.961808	30
3016.590074	29.555475	0.014604	2.023743	31
3017.634427	29.018557	0.014602	1.987352	32
3018.672593	30.142296	0.014608	2.063345	33
3019.716902	29.811413	0.014615	2.039833	34
3020.755651	30.418797	0.014600	2.083450	35
3021.801755	29.076426	0.014571	1.995475	36
3022.838220	30.312626	0.014643	2.070180	37
3023.889941	28.928547	0.014620	1.978682	38
3024.922090	31.099188	0.014675	2.119249	39
3025.972224	30.277431	0.014628	2.069855	40
3027.005392	31.264654	0.014585	2.143579	41
3028.057552	30.043903	0.014612	2.056133	42
3029.089999	31.165493	0.014619	2.131781	43
3030.142075	29.694172	0.014595	2.034597	44
3031.170447	31.518332	0.014604	2.158198	45
3032.229116	30.890507	0.014596	2.116298	46
3033.252141	32.707165	0.014629	2.235745	47
3034.311280	30.785982	0.014621	2.105601	48
3035.336622	32.578827	0.014598	2.231734	49
3036.397068	30.349335	0.014606	2.077885	50
3037.419162	32.547920	0.014605	2.228576	51
3038.483055	30.573242	0.014607	2.093121	52
3039.501248	32.864006	0.014602	2.250712	53
3040.567372	31.010052	0.014611	2.122421	54
3041.585012	33.040417	0.014564	2.268572	55
3042.652396	30.571882	0.014625	2.090401	56
3043.669884	33.068119	0.014604	2.264281	57
3044.736727	30.609547	0.014602	2.096324	58
3045.751885	33.322708	0.014628	2.278024	59
3046.821327	31.214760	0.014645	2.131482	60
3047.836834	33.380714	0.014571	2.290914	61
3048.904800	31.256239	0.014595	2.141532	62
3049.919121	33.992661	0.014609	2.326808	63
3050.988785	31.112474	0.014605	2.130215	64
3052.002903	34.129509	0.014595	2.338417	65
3053.072869	31.404617	0.014600	2.151018	66
3054.087667	33.989689	0.014614	2.325757	67
3055.155717	32.180500	0.014594	2.205001	68
3056.171352	34.794716	0.014606	2.382153	69
3057.241899	31.940405	0.014567	2.192614	70
3058.254690	35.072628	0.014601	2.402002	71
3059.323253	32.196030	0.014603	2.204707	72
3060.339213	34.382854	0.014592	2.356337	73
3061.407677	32.730839	0.014592	2.243041	74
3062.424219	35.217552	0.014618	2.409154	75
3063.491683	32.802246	0.014606	2.245730	76
3064.509766	34.819260	0.014586	2.387175	77
3065.574346	32.617603	0.014621	2.230832	78
3066.594355	33.666344	0.014572	2.310343	79
3067.655208	33.054638	0.014607	2.262864	80
3068.677322	34.827808	0.014575	2.389621	81
3069.738478	33.806049	0.014678	2.303198	82
