crossing time (s)	slope (V/s)	crossing number
281474976710655.000000	8.115638	1386	0.000000
281474976710655.000000	7.495368	1387	0.000000
281474976710655.000000	7.675011	1388	1493054336.000000
281474976710655.000000	8.081164	1389	1494095744.000000
281474976710655.000000	7.856215	1390	1495136896.000000
281474976710655.000000	7.734477	1391	1496179968.000000
281474976710655.000000	8.094492	1392	1497223168.000000
281474976710655.000000	8.008836	1393	1498265216.000000
281474976710655.000000	7.942193	1394	1499309312.000000
281474976710655.000000	8.064399	1395	1500352768.000000
281474976710655.000000	8.248151	1396	1501392512.000000
281474976710655.000000	8.058329	1397	1502433792.000000
281474976710655.000000	8.173555	1398	1503479936.000000
281474976710655.000000	8.289607	1399	1504521088.000000
281474976710655.000000	8.480459	1400	1505564032.000000
281474976710655.000000	8.395438	1401	1506605568.000000
281474976710655.000000	8.924623	1402	1507650048.000000
281474976710655.000000	8.549929	1403	1508689536.000000
281474976710655.000000	8.482251	1404	1509735296.000000
281474976710655.000000	8.607884	1405	1510773248.000000
281474976710655.000000	8.919261	1406	1511822208.000000
281474976710655.000000	8.979142	1407	1512856448.000000
281474976710655.000000	8.813159	1408	1513906944.000000
281474976710655.000000	9.104315	1409	1514940288.000000
281474976710655.000000	8.967896	1410	1515995648.000000
281474976710655.000000	8.689706	1411	1517024000.000000
281474976710655.000000	9.269197	1412	1518082560.000000
281474976710655.000000	9.317679	1413	1519104896.000000
281474976710655.000000	9.274792	1414	1520169088.000000
281474976710655.000000	9.707912	1415	1521188736.000000
281474976710655.000000	9.421267	1416	1522254976.000000
281474976710655.000000	9.662008	1417	1523272320.000000
281474976710655.000000	9.627872	1418	1524341248.000000
281474976710655.000000	9.695828	1419	1525356160.000000
281474976710655.000000	9.706725	1420	1526427008.000000
281474976710655.000000	10.022434	1421	1527439744.000000
281474976710655.000000	9.861165	1422	1528513536.000000
281474976710655.000000	9.960924	1423	1529524224.000000
281474976710655.000000	9.982566	1424	1530598272.000000
281474976710655.000000	10.070697	1425	1531608960.000000
281474976710655.000000	10.213361	1426	1532681984.000000
281474976710655.000000	10.137235	1427	1533692416.000000
281474976710655.000000	10.192728	1428	1534768640.000000
281474976710655.000000	10.318509	1429	1535777408.000000
281474976710655.000000	10.201067	1430	1536852480.000000
281474976710655.000000	10.562200	1431	1537861888.000000
281474976710655.000000	10.561993	1432	1538936064.000000
281474976710655.000000	10.847440	1433	1539947264.000000
281474976710655.000000	10.761397	1434	1541020800.000000
281474976710655.000000	10.957215	1435	1542031872.000000
281474976710655.000000	10.987618	1436	1543105280.000000
281474976710655.000000	10.801871	1437	1544116608.000000
281474976710655.000000	11.049304	1438	1545188736.000000
281474976710655.000000	11.021375	1439	1546201216.000000
281474976710655.000000	11.129788	1440	1547272576.000000
281474976710655.000000	10.965185	1441	1548286464.000000
281474976710655.000000	11.363168	1442	1549355648.000000
281474976710655.000000	11.074135	1443	1550372864.000000
281474976710655.000000	11.260837	1444	1551439872.000000
281474976710655.000000	11.007408	1445	1552458240.000000
281474976710655.000000	11.327178	1446	1553523072.000000
281474976710655.000000	11.208151	1447	1554544256.000000
281474976710655.000000	11.675334	1448	1555605760.000000
281474976710655.000000	11.369574	1449	1556630656.000000
281474976710655.000000	11.658238	1450	1557687680.000000
281474976710655.000000	11.702177	1451	1558716416.000000
281474976710655.000000	11.595707	1452	1559769856.000000
281474976710655.000000	11.016224	1453	1560802816.000000
281474976710655.000000	12.093090	1454	1561852416.000000
281474976710655.000000	12.058277	1455	1562889088.000000
281474976710655.000000	12.098229	1456	1563937408.000000
281474976710655.000000	11.672098	1457	1564973696.000000
281474976710655.000000	12.332810	1458	1566019712.000000
281474976710655.000000	12.437042	1459	1567058304.000000
281474976710655.000000	12.418099	1460	1568103808.000000
281474976710655.000000	12.379362	1461	1569144064.000000
281474976710655.000000	12.397234	1462	1570187392.000000
281474976710655.000000	12.418066	1463	1571228032.000000
281474976710655.000000	12.254931	1464	1572271232.000000
281474976710655.000000	12.204560	1465	1573312256.000000
281474976710655.000000	12.575622	1466	1574355840.000000
281474976710655.000000	12.201349	1467	1575397760.000000
281474976710655.000000	12.246379	1468	1576439552.000000
281474976710655.000000	12.495306	1469	1577481600.000000
281474976710655.000000	12.715590	1470	1578524416.000000
281474976710655.000000	12.728418	1471	1579565952.000000
281474976710655.000000	12.437453	1472	1580609024.000000
281474976710655.000000	12.444182	1473	1581648384.000000
281474976710655.000000	13.705210	1474	1582693504.000000
281474976710655.000000	12.763034	1475	1583733760.000000
281474976710655.000000	13.017257	1476	1584778112.000000
281474976710655.000000	12.973392	1477	1585817088.000000
281474976710655.000000	13.162710	1478	1586861952.000000
281474976710655.000000	12.767966	1479	1587900544.000000
281474976710655.000000	13.075071	1480	1588947072.000000
281474976710655.000000	13.585735	1481	1589984256.000000
281474976710655.000000	13.636851	1482	1591032704.000000
281474976710655.000000	12.757791	1483	1592067200.000000
281474976710655.000000	13.721115	1484	1593117568.000000
281474976710655.000000	13.367534	1485	1594150016.000000
281474976710655.000000	13.438727	1486	1595202688.000000
281474976710655.000000	13.268948	1487	1596233472.000000
281474976710655.000000	13.459985	1488	1597288960.000000
281474976710655.000000	13.642435	1489	1598316160.000000
281474976710655.000000	13.193160	1490	1599374208.000000
281474976710655.000000	14.130222	1491	1600397568.000000
281474976710655.000000	14.243223	1492	1601459712.000000
281474976710655.000000	14.016677	1493	1602481920.000000
281474976710655.000000	14.772955	1494	1603543296.000000
281474976710655.000000	13.846866	1495	1604563328.000000
281474976710655.000000	14.703585	1496	1605629184.000000
281474976710655.000000	14.387350	1497	1606647424.000000
281474976710655.000000	13.564464	1498	1607714048.000000
281474976710655.000000	15.022126	1499	1608730496.000000
281474976710655.000000	14.273023	1500	1609797888.000000
281474976710655.000000	14.519372	1501	1610814464.000000
281474976710655.000000	14.834996	1502	1611883520.000000
281474976710655.000000	14.277576	1503	1612898304.000000
281474976710655.000000	15.450028	1504	1613967488.000000
281474976710655.000000	14.329388	1505	1614981248.000000
281474976710655.000000	14.539143	1506	1616050432.000000
281474976710655.000000	14.903681	1507	1617065856.000000
281474976710655.000000	14.602538	1508	1618135424.000000
281474976710655.000000	14.368752	1509	1619151232.000000
281474976710655.000000	15.320983	1510	1620219136.000000
281474976710655.000000	14.356934	1511	1621234816.000000
281474976710655.000000	15.240854	1512	1622301952.000000
281474976710655.000000	15.050635	1513	1623318784.000000
281474976710655.000000	15.151341	1514	1624385408.000000
