crossing time (s)	slope (V/s)	crossing number
281474976710655.000000	18.424788	2539	0.000000
281474976710655.000000	14.934858	2540	0.000000
281474976710655.000000	19.912064	2541	0.000000
281474976710655.000000	19.756166	2542	0.000000
281474976710655.000000	12.950045	2543	0.000000
281474976710655.000000	19.238363	2544	0.000000
281474976710655.000000	15.723696	2545	0.000000
281474976710655.000000	21.482363	2546	0.000000
281474976710655.000000	14.796921	2547	0.000000
281474976710655.000000	18.337475	2548	0.000000
281474976710655.000000	13.628994	2549	0.000000
281474976710655.000000	12.250029	2550	0.000000
281474976710655.000000	14.885600	2551	0.000000
281474976710655.000000	21.850346	2552	0.000000
281474976710655.000000	12.189988	2553	0.000000
281474976710655.000000	14.633257	2554	0.000000
281474976710655.000000	13.998962	2555	0.000000
281474976710655.000000	16.342138	2556	0.000000
281474976710655.000000	15.927902	2557	0.000000
281474976710655.000000	18.274426	2558	0.000000
281474976710655.000000	14.554478	2559	0.000000
281474976710655.000000	15.269747	2560	0.000000
281474976710655.000000	15.604300	2561	0.000000
281474976710655.000000	12.407461	2562	0.000000
281474976710655.000000	15.416202	2563	0.000000
281474976710655.000000	13.555203	2564	0.000000
281474976710655.000000	12.149085	2565	0.000000
281474976710655.000000	15.251034	2566	0.000000
281474976710655.000000	13.249514	2567	0.000000
281474976710655.000000	16.309389	2568	0.000000
281474976710655.000000	15.262693	2569	0.000000
281474976710655.000000	20.349335	2570	0.000000
281474976710655.000000	12.764678	2571	0.000000
281474976710655.000000	15.713359	2572	0.000000
281474976710655.000000	14.623535	2573	0.000000
281474976710655.000000	15.180248	2574	0.000000
281474976710655.000000	12.379933	2575	0.000000
281474976710655.000000	16.259590	2576	0.000000
281474976710655.000000	12.340010	2577	0.000000
281474976710655.000000	14.883584	2578	0.000000
281474976710655.000000	15.860258	2579	0.000000
281474976710655.000000	11.744497	2580	0.000000
281474976710655.000000	15.536049	2581	0.000000
281474976710655.000000	13.974493	2582	0.000000
281474976710655.000000	15.430081	2583	0.000000
281474976710655.000000	12.877306	2584	0.000000
281474976710655.000000	18.643600	2585	0.000000
281474976710655.000000	11.862377	2586	0.000000
281474976710655.000000	19.664192	2587	0.000000
281474976710655.000000	12.647869	2588	0.000000
281474976710655.000000	14.388025	2589	0.000000
281474976710655.000000	13.657159	2590	0.000000
281474976710655.000000	13.946219	2591	0.000000
281474976710655.000000	12.018794	2592	0.000000
281474976710655.000000	18.358215	2593	0.000000
281474976710655.000000	12.113788	2594	0.000000
281474976710655.000000	13.901968	2595	0.000000
281474976710655.000000	19.873182	2596	0.000000
281474976710655.000000	14.427307	2597	0.000000
281474976710655.000000	15.073262	2598	0.000000
281474976710655.000000	17.159424	2599	0.000000
281474976710655.000000	13.166532	2600	0.000000
281474976710655.000000	18.206261	2601	0.000000
281474976710655.000000	16.907751	2602	0.000000
281474976710655.000000	15.829321	2603	0.000000
281474976710655.000000	18.278509	2604	0.000000
281474976710655.000000	14.093627	2605	0.000000
281474976710655.000000	14.815449	2606	0.000000
281474976710655.000000	15.529905	2607	0.000000
281474976710655.000000	13.977947	2608	0.000000
281474976710655.000000	13.441910	2609	0.000000
281474976710655.000000	13.207647	2610	0.000000
281474976710655.000000	12.453142	2611	0.000000
281474976710655.000000	13.908978	2612	0.000000
281474976710655.000000	12.241630	2613	0.000000
281474976710655.000000	11.334908	2614	0.000000
281474976710655.000000	14.193061	2615	0.000000
281474976710655.000000	11.778088	2616	0.000000
281474976710655.000000	17.895266	2617	0.000000
281474976710655.000000	12.034268	2618	0.000000
281474976710655.000000	12.256640	2619	0.000000
281474976710655.000000	13.872123	2620	0.000000
281474976710655.000000	14.032906	2621	0.000000
281474976710655.000000	14.034363	2622	0.000000
281474976710655.000000	13.277649	2623	0.000000
281474976710655.000000	14.448264	2624	0.000000
281474976710655.000000	11.769680	2625	0.000000
281474976710655.000000	17.983618	2626	0.000000
281474976710655.000000	12.833355	2627	0.000000
281474976710655.000000	13.781548	2628	0.000000
281474976710655.000000	14.281875	2629	0.000000
281474976710655.000000	12.388880	2630	0.000000
281474976710655.000000	14.302860	2631	0.000000
281474976710655.000000	12.617081	2632	0.000000
281474976710655.000000	15.219817	2633	0.000000
281474976710655.000000	17.392996	2634	0.000000
281474976710655.000000	13.485128	2635	0.000000
281474976710655.000000	14.922531	2636	0.000000
281474976710655.000000	15.218617	2637	0.000000
281474976710655.000000	17.210348	2638	0.000000
281474976710655.000000	10.962412	2639	0.000000
281474976710655.000000	13.679602	2640	0.000000
281474976710655.000000	12.817735	2641	0.000000
281474976710655.000000	14.748994	2642	0.000000
281474976710655.000000	14.755821	2643	0.000000
281474976710655.000000	10.650202	2644	0.000000
281474976710655.000000	12.127380	2645	0.000000
281474976710655.000000	10.992298	2646	0.000000
281474976710655.000000	13.460719	2647	0.000000
281474976710655.000000	12.027019	2648	0.000000
281474976710655.000000	14.545969	2649	0.000000
281474976710655.000000	11.711265	2650	0.000000
281474976710655.000000	16.630785	2651	0.000000
281474976710655.000000	11.823907	2652	0.000000
281474976710655.000000	13.425978	2653	0.000000
281474976710655.000000	15.032126	2654	0.000000
281474976710655.000000	14.058055	2655	0.000000
281474976710655.000000	13.474045	2656	0.000000
281474976710655.000000	11.587312	2657	0.000000
281474976710655.000000	13.095547	2658	0.000000
281474976710655.000000	11.578699	2659	0.000000
281474976710655.000000	13.536099	2660	0.000000
281474976710655.000000	12.325389	2661	0.000000
281474976710655.000000	13.077979	2662	0.000000
281474976710655.000000	14.609834	2663	0.000000
281474976710655.000000	13.323307	2664	0.000000
281474976710655.000000	14.199252	2665	0.000000
281474976710655.000000	14.419262	2666	0.000000
281474976710655.000000	11.266859	2667	0.000000
281474976710655.000000	12.338159	2668	0.000000
281474976710655.000000	12.035772	2669	0.000000
281474976710655.000000	11.181108	2670	0.000000
281474976710655.000000	13.719768	2671	0.000000
281474976710655.000000	10.910252	2672	0.000000
281474976710655.000000	13.221382	2673	0.000000
281474976710655.000000	11.711886	2674	0.000000
281474976710655.000000	12.904760	2675	0.000000
281474976710655.000000	12.898747	2676	0.000000
281474976710655.000000	10.580333	2677	0.000000
281474976710655.000000	15.398923	2678	0.000000
281474976710655.000000	11.040348	2679	0.000000
281474976710655.000000	12.093957	2680	0.000000
281474976710655.000000	14.167040	2681	0.000000
281474976710655.000000	14.146914	2682	0.000000
281474976710655.000000	15.194958	2683	0.000000
281474976710655.000000	12.415695	2684	0.000000
281474976710655.000000	15.228842	2685	0.000000
281474976710655.000000	12.607924	2686	0.000000
281474976710655.000000	14.280651	2687	0.000000
281474976710655.000000	10.544488	2688	0.000000
281474976710655.000000	11.889424	2689	0.000000
281474976710655.000000	14.870916	2690	0.000000
281474976710655.000000	10.904883	2691	0.000000
281474976710655.000000	15.501178	2692	0.000000
281474976710655.000000	11.727390	2693	0.000000
281474976710655.000000	13.694941	2694	0.000000
281474976710655.000000	14.418769	2695	0.000000
281474976710655.000000	11.239654	2696	0.000000
281474976710655.000000	13.804847	2697	0.000000
281474976710655.000000	11.642375	2698	0.000000
281474976710655.000000	14.708201	2699	0.000000
281474976710655.000000	12.019596	2700	0.000000
281474976710655.000000	15.323485	2701	0.000000
281474976710655.000000	12.594474	2702	0.000000
281474976710655.000000	14.111210	2703	0.000000
281474976710655.000000	13.772764	2704	0.000000
281474976710655.000000	14.050939	2705	0.000000
281474976710655.000000	11.019621	2706	0.000000
281474976710655.000000	14.352034	2707	0.000000
281474976710655.000000	11.498256	2708	0.000000
281474976710655.000000	13.194659	2709	0.000000
281474976710655.000000	12.508533	2710	0.000000
281474976710655.000000	13.476396	2711	0.000000
281474976710655.000000	11.045989	2712	0.000000
281474976710655.000000	12.467573	2713	0.000000
281474976710655.000000	12.474339	2714	0.000000
281474976710655.000000	12.867567	2715	0.000000
281474976710655.000000	12.402608	2716	0.000000
281474976710655.000000	14.420035	2717	0.000000
281474976710655.000000	14.491108	2718	0.000000
281474976710655.000000	10.791366	2719	0.000000
281474976710655.000000	13.456632	2720	0.000000
281474976710655.000000	11.236594	2721	0.000000
281474976710655.000000	11.776244	2722	0.000000
281474976710655.000000	10.827291	2723	0.000000
281474976710655.000000	10.047687	2724	0.000000
281474976710655.000000	12.081457	2725	0.000000
281474976710655.000000	10.889663	2726	0.000000
281474976710655.000000	11.392109	2727	0.000000
281474976710655.000000	10.694160	2728	0.000000
281474976710655.000000	13.847278	2729	0.000000
281474976710655.000000	13.531086	2730	0.000000
281474976710655.000000	11.720227	2731	0.000000
281474976710655.000000	11.927617	2732	0.000000
281474976710655.000000	13.916794	2733	0.000000
281474976710655.000000	12.213190	2734	0.000000
281474976710655.000000	13.571999	2735	0.000000
281474976710655.000000	11.454558	2736	0.000000
281474976710655.000000	11.364350	2737	0.000000
281474976710655.000000	12.455584	2738	0.000000
281474976710655.000000	10.771444	2739	0.000000
281474976710655.000000	11.527470	2740	0.000000
281474976710655.000000	11.952319	2741	0.000000
281474976710655.000000	11.344621	2742	0.000000
281474976710655.000000	13.318428	2743	0.000000
281474976710655.000000	12.585464	2744	0.000000
281474976710655.000000	12.174417	2745	0.000000
281474976710655.000000	11.811779	2746	0.000000
281474976710655.000000	13.212653	2747	0.000000
281474976710655.000000	11.037062	2748	0.000000
281474976710655.000000	11.584946	2749	0.000000
281474976710655.000000	10.615876	2750	0.000000
281474976710655.000000	11.671686	2751	0.000000
281474976710655.000000	11.297810	2752	0.000000
281474976710655.000000	11.975020	2753	0.000000
281474976710655.000000	11.387856	2754	0.000000
281474976710655.000000	10.966238	2755	0.000000
281474976710655.000000	12.063826	2756	0.000000
281474976710655.000000	10.862229	2757	0.000000
281474976710655.000000	10.603548	2758	0.000000
281474976710655.000000	10.367424	2759	0.000000
281474976710655.000000	11.775577	2760	0.000000
281474976710655.000000	10.963105	2761	0.000000
281474976710655.000000	10.581312	2762	0.000000
281474976710655.000000	11.180319	2763	0.000000
281474976710655.000000	13.460195	2764	0.000000
281474976710655.000000	10.775704	2765	0.000000
281474976710655.000000	11.715281	2766	0.000000
281474976710655.000000	10.295939	2767	0.000000
281474976710655.000000	10.395866	2768	0.000000
281474976710655.000000	11.957481	2769	0.000000
281474976710655.000000	13.650991	2770	0.000000
281474976710655.000000	13.562665	2771	0.000000
281474976710655.000000	12.481547	2772	0.000000
281474976710655.000000	13.682975	2773	0.000000
281474976710655.000000	11.185835	2774	0.000000
281474976710655.000000	12.708340	2775	0.000000
281474976710655.000000	10.752588	2776	0.000000
281474976710655.000000	12.331236	2777	0.000000
281474976710655.000000	12.441480	2778	0.000000
281474976710655.000000	11.393766	2779	0.000000
281474976710655.000000	11.954724	2780	0.000000
281474976710655.000000	10.311872	2781	0.000000
281474976710655.000000	11.355956	2782	0.000000
281474976710655.000000	9.900977	2783	0.000000
281474976710655.000000	12.224439	2784	0.000000
281474976710655.000000	9.519793	2785	0.000000
281474976710655.000000	11.083758	2786	0.000000
281474976710655.000000	9.686290	2787	0.000000
281474976710655.000000	11.027882	2788	0.000000
281474976710655.000000	12.361112	2789	0.000000
281474976710655.000000	10.125638	2790	0.000000
281474976710655.000000	11.753047	2791	0.000000
281474976710655.000000	10.045732	2792	0.000000
281474976710655.000000	10.535043	2793	0.000000
281474976710655.000000	9.746397	2794	0.000000
281474976710655.000000	10.898406	2795	0.000000
281474976710655.000000	12.600355	2796	0.000000
281474976710655.000000	11.099772	2797	0.000000
281474976710655.000000	11.229570	2798	0.000000
281474976710655.000000	10.628603	2799	0.000000
281474976710655.000000	12.870258	2800	0.000000
281474976710655.000000	9.595379	2801	0.000000
281474976710655.000000	12.257870	2802	0.000000
281474976710655.000000	9.955412	2803	0.000000
281474976710655.000000	11.565891	2804	0.000000
281474976710655.000000	10.185673	2805	0.000000
281474976710655.000000	10.857736	2806	0.000000
281474976710655.000000	11.234897	2807	0.000000
281474976710655.000000	10.016857	2808	0.000000
281474976710655.000000	11.163927	2809	0.000000
281474976710655.000000	11.681106	2810	0.000000
281474976710655.000000	12.431891	2811	0.000000
281474976710655.000000	11.045040	2812	0.000000
281474976710655.000000	10.538795	2813	0.000000
281474976710655.000000	11.020780	2814	0.000000
281474976710655.000000	11.027574	2815	0.000000
281474976710655.000000	9.188919	2816	0.000000
281474976710655.000000	9.338261	2817	0.000000
281474976710655.000000	10.685435	2818	0.000000
281474976710655.000000	10.700899	2819	0.000000
281474976710655.000000	10.634292	2820	0.000000
281474976710655.000000	11.547926	2821	0.000000
281474976710655.000000	10.355758	2822	0.000000
281474976710655.000000	10.796384	2823	0.000000
281474976710655.000000	10.762156	2824	0.000000
281474976710655.000000	9.912254	2825	0.000000
281474976710655.000000	10.562754	2826	0.000000
281474976710655.000000	9.197752	2827	0.000000
281474976710655.000000	11.685339	2828	0.000000
281474976710655.000000	8.973098	2829	0.000000
281474976710655.000000	11.653537	2830	0.000000
281474976710655.000000	8.792063	2831	0.000000
