crossing time (s)	slope (V/s)	crossing number
281474976710655.000000	0.466311	4810	0.000000
281474976710655.000000	0.454321	4811	6309309440.000000
281474976710655.000000	0.464867	4812	6310419456.000000
281474976710655.000000	0.465953	4813	6311387648.000000
281474976710655.000000	0.469147	4814	6312502272.000000
281474976710655.000000	0.469677	4815	6313474048.000000
281474976710655.000000	0.488266	4816	6314586112.000000
281474976710655.000000	0.474410	4817	6315557888.000000
281474976710655.000000	0.475809	4818	6316668416.000000
281474976710655.000000	0.505426	4819	6317644288.000000
281474976710655.000000	0.503732	4820	6318753792.000000
281474976710655.000000	0.492877	4821	6319725568.000000
281474976710655.000000	0.495844	4822	6320837120.000000
281474976710655.000000	0.511974	4823	6321811968.000000
281474976710655.000000	0.521750	4824	6322925056.000000
281474976710655.000000	0.505696	4825	6323899392.000000
281474976710655.000000	0.508455	4826	6325007872.000000
281474976710655.000000	0.524790	4827	6325981184.000000
281474976710655.000000	0.531330	4828	6327092224.000000
281474976710655.000000	0.525845	4829	6328066048.000000
281474976710655.000000	0.537099	4830	6329174016.000000
281474976710655.000000	0.534444	4831	6330152960.000000
281474976710655.000000	0.551841	4832	6331256832.000000
281474976710655.000000	0.544239	4833	6332242944.000000
281474976710655.000000	0.568199	4834	6333335040.000000
281474976710655.000000	0.542176	4835	6334330368.000000
281474976710655.000000	0.585652	4836	6335415296.000000
281474976710655.000000	0.574745	4837	6336420864.000000
281474976710655.000000	0.587889	4838	6337493504.000000
281474976710655.000000	0.569767	4839	6338510336.000000
281474976710655.000000	0.598549	4840	6339575296.000000
281474976710655.000000	0.585063	4841	6340596224.000000
281474976710655.000000	0.610014	4842	6341656576.000000
281474976710655.000000	0.590523	4843	6342683648.000000
281474976710655.000000	0.614150	4844	6343745024.000000
281474976710655.000000	0.609069	4845	6344766464.000000
281474976710655.000000	0.611365	4846	6345827840.000000
281474976710655.000000	0.601407	4847	6346844672.000000
281474976710655.000000	0.628522	4848	6347916800.000000
281474976710655.000000	0.627445	4849	6348927488.000000
281474976710655.000000	0.622647	4850	6350006272.000000
281474976710655.000000	0.624727	4851	6351009792.000000
281474976710655.000000	0.640963	4852	6352093696.000000
281474976710655.000000	0.626114	4853	6353091072.000000
281474976710655.000000	0.647963	4854	6354176512.000000
281474976710655.000000	0.649193	4855	6355173376.000000
281474976710655.000000	0.664473	4856	6356263424.000000
281474976710655.000000	0.655059	4857	6357256192.000000
281474976710655.000000	0.653353	4858	6358352384.000000
281474976710655.000000	0.655480	4859	6359339520.000000
281474976710655.000000	0.672145	4860	6360435200.000000
281474976710655.000000	0.664926	4861	6361423872.000000
281474976710655.000000	0.679570	4862	6362519552.000000
281474976710655.000000	0.677073	4863	6363510272.000000
281474976710655.000000	0.689357	4864	6364603392.000000
281474976710655.000000	0.694511	4865	6365589504.000000
281474976710655.000000	0.699882	4866	6366687232.000000
281474976710655.000000	0.695758	4867	6367678976.000000
281474976710655.000000	0.698990	4868	6368769536.000000
281474976710655.000000	0.666530	4869	6369767424.000000
281474976710655.000000	0.719799	4870	6370850816.000000
281474976710655.000000	0.717303	4871	6371855360.000000
281474976710655.000000	0.736467	4872	6372931072.000000
281474976710655.000000	0.720112	4873	6373943296.000000
281474976710655.000000	0.745399	4874	6375012352.000000
281474976710655.000000	0.733597	4875	6376029184.000000
281474976710655.000000	0.758996	4876	6377094656.000000
281474976710655.000000	0.741042	4877	6378117632.000000
281474976710655.000000	0.764365	4878	6379173376.000000
281474976710655.000000	0.766263	4879	6380204544.000000
281474976710655.000000	0.767869	4880	6381255680.000000
281474976710655.000000	0.761999	4881	6382287872.000000
281474976710655.000000	0.762289	4882	6383345152.000000
281474976710655.000000	0.765215	4883	6384370176.000000
281474976710655.000000	0.771201	4884	6385431040.000000
281474976710655.000000	0.769428	4885	6386449920.000000
281474976710655.000000	0.800060	4886	6387518464.000000
281474976710655.000000	0.795358	4887	6388531712.000000
281474976710655.000000	0.799505	4888	6389604864.000000
281474976710655.000000	0.794034	4889	6390614016.000000
281474976710655.000000	0.805647	4890	6391693312.000000
281474976710655.000000	0.790287	4891	6392697856.000000
281474976710655.000000	0.816794	4892	6393777664.000000
281474976710655.000000	0.816507	4893	6394779136.000000
281474976710655.000000	0.824523	4894	6395864576.000000
281474976710655.000000	0.816411	4895	6396858368.000000
281474976710655.000000	0.832979	4896	6397948928.000000
281474976710655.000000	0.820759	4897	6398943232.000000
281474976710655.000000	0.834880	4898	6400035840.000000
281474976710655.000000	0.839107	4899	6401026560.000000
281474976710655.000000	0.851457	4900	6402118656.000000
281474976710655.000000	0.840162	4901	6403110912.000000
281474976710655.000000	0.857784	4902	6404203008.000000
281474976710655.000000	0.854444	4903	6405195264.000000
281474976710655.000000	0.867097	4904	6406285824.000000
281474976710655.000000	0.857267	4905	6407279104.000000
281474976710655.000000	0.864683	4906	6408371712.000000
281474976710655.000000	0.864407	4907	6409363968.000000
281474976710655.000000	0.888518	4908	6410453504.000000
281474976710655.000000	0.885495	4909	6411449856.000000
281474976710655.000000	0.899500	4910	6412537856.000000
281474976710655.000000	0.899952	4911	6413534208.000000
281474976710655.000000	0.902745	4912	6414618624.000000
281474976710655.000000	0.909057	4913	6415622144.000000
281474976710655.000000	0.953768	4914	6416703488.000000
281474976710655.000000	0.923608	4915	6417710592.000000
281474976710655.000000	0.935877	4916	6418780160.000000
281474976710655.000000	0.939153	4917	6419796480.000000
281474976710655.000000	0.947275	4918	6420861952.000000
281474976710655.000000	0.890924	4919	6421882368.000000
281474976710655.000000	0.932288	4920	6422945280.000000
281474976710655.000000	0.929979	4921	6423968768.000000
281474976710655.000000	0.956841	4922	6425027072.000000
281474976710655.000000	0.939725	4923	6426054656.000000
281474976710655.000000	0.952095	4924	6427110912.000000
281474976710655.000000	0.946486	4925	6428140032.000000
281474976710655.000000	0.961267	4926	6429193216.000000
281474976710655.000000	0.977742	4927	6430223360.000000
281474976710655.000000	0.969012	4928	6431280640.000000
281474976710655.000000	0.977337	4929	6432306176.000000
281474976710655.000000	0.959322	4930	6433364992.000000
281474976710655.000000	0.990093	4931	6434387968.000000
281474976710655.000000	0.992151	4932	6435453952.000000
281474976710655.000000	1.000136	4933	6436468736.000000
281474976710655.000000	0.999473	4934	6437537280.000000
281474976710655.000000	1.015813	4935	6438551040.000000
281474976710655.000000	1.008790	4936	6439624192.000000
281474976710655.000000	0.988946	4937	6440630784.000000
281474976710655.000000	1.023946	4938	6441707008.000000
281474976710655.000000	1.029172	4939	6442718208.000000
281474976710655.000000	1.018385	4940	6443792896.000000
281474976710655.000000	1.052564	4941	6444800512.000000
281474976710655.000000	1.024884	4942	6445879296.000000
281474976710655.000000	1.047453	4943	6446882816.000000
281474976710655.000000	1.055302	4944	6447961088.000000
281474976710655.000000	1.050200	4945	6448967168.000000
281474976710655.000000	1.056176	4946	6450044416.000000
281474976710655.000000	1.064862	4947	6451053056.000000
281474976710655.000000	1.043144	4948	6452128768.000000
281474976710655.000000	1.066263	4949	6453135872.000000
281474976710655.000000	1.072848	4950	6454211584.000000
281474976710655.000000	1.065169	4951	6455223808.000000
281474976710655.000000	1.080651	4952	6456294400.000000
281474976710655.000000	1.088367	4953	6457309184.000000
281474976710655.000000	1.083662	4954	6458374656.000000
281474976710655.000000	1.095855	4955	6459394560.000000
281474976710655.000000	1.116858	4956	6460456960.000000
281474976710655.000000	1.101923	4957	6461480448.000000
281474976710655.000000	1.107036	4958	6462538752.000000
281474976710655.000000	1.091750	4959	6463566336.000000
281474976710655.000000	1.114951	4960	6464622080.000000
281474976710655.000000	1.109699	4961	6465650176.000000
281474976710655.000000	1.124163	4962	6466705408.000000
281474976710655.000000	1.122512	4963	6467734016.000000
281474976710655.000000	1.139850	4964	0.000000
281474976710655.000000	1.123834	4965	0.000000
281474976710655.000000	1.131341	4966	0.000000
281474976710655.000000	1.142399	4967	0.000000
281474976710655.000000	1.161676	4968	0.000000
281474976710655.000000	1.106996	4969	0.000000
281474976710655.000000	1.103228	4970	0.000000
281474976710655.000000	1.126989	4971	0.000000
281474976710655.000000	1.129822	4972	0.000000
281474976710655.000000	1.110750	4973	0.000000
281474976710655.000000	1.122642	4974	0.000000
281474976710655.000000	1.111290	4975	0.000000
281474976710655.000000	1.137315	4976	0.000000
281474976710655.000000	1.119035	4977	0.000000
281474976710655.000000	1.131510	4978	0.000000
281474976710655.000000	1.099096	4979	0.000000
281474976710655.000000	1.107607	4980	0.000000
281474976710655.000000	1.084818	4981	0.000000
281474976710655.000000	1.081389	4982	0.000000
281474976710655.000000	1.088416	4983	0.000000
281474976710655.000000	1.099048	4984	0.000000
281474976710655.000000	1.099073	4985	0.000000
281474976710655.000000	1.108029	4986	0.000000
281474976710655.000000	1.082052	4987	0.000000
281474976710655.000000	1.125330	4988	0.000000
281474976710655.000000	1.085826	4989	0.000000
281474976710655.000000	1.106396	4990	0.000000
281474976710655.000000	1.085299	4991	0.000000
281474976710655.000000	1.090845	4992	0.000000
281474976710655.000000	1.077368	4993	0.000000
281474976710655.000000	1.095609	4994	0.000000
281474976710655.000000	1.056716	4995	0.000000
281474976710655.000000	1.080954	4996	0.000000
281474976710655.000000	1.069913	4997	0.000000
281474976710655.000000	1.097291	4998	0.000000
281474976710655.000000	1.062446	4999	0.000000
281474976710655.000000	1.076883	5000	0.000000
281474976710655.000000	1.057109	5001	0.000000
281474976710655.000000	1.072859	5002	0.000000
281474976710655.000000	1.066327	5003	0.000000
281474976710655.000000	1.076460	5004	0.000000
281474976710655.000000	1.059359	5005	0.000000
281474976710655.000000	1.064696	5006	0.000000
281474976710655.000000	1.048517	5007	0.000000
281474976710655.000000	1.058309	5008	0.000000
281474976710655.000000	1.067935	5009	0.000000
281474976710655.000000	1.065421	5010	0.000000
281474976710655.000000	1.054856	5011	0.000000
281474976710655.000000	1.055766	5012	0.000000
281474976710655.000000	1.045567	5013	0.000000
281474976710655.000000	1.087156	5014	0.000000
281474976710655.000000	1.053671	5015	0.000000
281474976710655.000000	1.051042	5016	0.000000
281474976710655.000000	1.038390	5017	0.000000
281474976710655.000000	1.047642	5018	0.000000
281474976710655.000000	1.031412	5019	0.000000
281474976710655.000000	1.054214	5020	0.000000
281474976710655.000000	1.047617	5021	0.000000
281474976710655.000000	1.036909	5022	0.000000
281474976710655.000000	1.029296	5023	0.000000
281474976710655.000000	1.028732	5024	0.000000
281474976710655.000000	1.024145	5025	0.000000
281474976710655.000000	1.032007	5026	0.000000
281474976710655.000000	1.013710	5027	0.000000
281474976710655.000000	0.983345	5028	0.000000
281474976710655.000000	1.018293	5029	0.000000
281474976710655.000000	1.018669	5030	0.000000
281474976710655.000000	1.016563	5031	0.000000
281474976710655.000000	1.026787	5032	0.000000
281474976710655.000000	1.011550	5033	0.000000
281474976710655.000000	1.018616	5034	0.000000
281474976710655.000000	1.009495	5035	0.000000
281474976710655.000000	1.014433	5036	0.000000
281474976710655.000000	0.997629	5037	0.000000
281474976710655.000000	1.001952	5038	0.000000
281474976710655.000000	0.990251	5039	0.000000
281474976710655.000000	1.001394	5040	0.000000
281474976710655.000000	0.988205	5041	0.000000
281474976710655.000000	1.002488	5042	0.000000
281474976710655.000000	0.973042	5043	0.000000
281474976710655.000000	0.990318	5044	0.000000
281474976710655.000000	0.979862	5045	0.000000
281474976710655.000000	0.998916	5046	0.000000
281474976710655.000000	0.982537	5047	0.000000
281474976710655.000000	0.965933	5048	0.000000
281474976710655.000000	0.962855	5049	0.000000
281474976710655.000000	0.993228	5050	0.000000
281474976710655.000000	0.980297	5051	0.000000
281474976710655.000000	0.984573	5052	0.000000
281474976710655.000000	0.970281	5053	0.000000
281474976710655.000000	1.002462	5054	0.000000
281474976710655.000000	0.982059	5055	0.000000
281474976710655.000000	0.991862	5056	0.000000
281474976710655.000000	0.960252	5057	0.000000
281474976710655.000000	0.992297	5058	0.000000
281474976710655.000000	0.969281	5059	0.000000
281474976710655.000000	0.971222	5060	0.000000
281474976710655.000000	0.966454	5061	0.000000
281474976710655.000000	0.984745	5062	0.000000
281474976710655.000000	0.961692	5063	0.000000
281474976710655.000000	0.979284	5064	0.000000
281474976710655.000000	0.940151	5065	0.000000
281474976710655.000000	0.965369	5066	0.000000
281474976710655.000000	0.942155	5067	0.000000
281474976710655.000000	0.964733	5068	0.000000
281474976710655.000000	0.948425	5069	0.000000
281474976710655.000000	0.969379	5070	0.000000
281474976710655.000000	0.943531	5071	0.000000
281474976710655.000000	0.975630	5072	0.000000
281474976710655.000000	0.947164	5073	0.000000
281474976710655.000000	0.967400	5074	0.000000
281474976710655.000000	0.948728	5075	0.000000
281474976710655.000000	0.960961	5076	0.000000
281474976710655.000000	0.936412	5077	0.000000
281474976710655.000000	0.966043	5078	0.000000
281474976710655.000000	0.937777	5079	0.000000
281474976710655.000000	0.957744	5080	0.000000
281474976710655.000000	0.944177	5081	0.000000
281474976710655.000000	0.954033	5082	0.000000
281474976710655.000000	0.941219	5083	0.000000
281474976710655.000000	0.956381	5084	0.000000
281474976710655.000000	0.913185	5085	0.000000
281474976710655.000000	0.940429	5086	0.000000
281474976710655.000000	0.926474	5087	0.000000
281474976710655.000000	0.936015	5088	0.000000
281474976710655.000000	0.916234	5089	0.000000
281474976710655.000000	0.930330	5090	0.000000
281474976710655.000000	0.916860	5091	0.000000
281474976710655.000000	0.930224	5092	0.000000
281474976710655.000000	0.919305	5093	0.000000
281474976710655.000000	0.932105	5094	0.000000
281474976710655.000000	0.926463	5095	0.000000
281474976710655.000000	0.935382	5096	0.000000
281474976710655.000000	0.924378	5097	0.000000
281474976710655.000000	0.930599	5098	0.000000
281474976710655.000000	0.914726	5099	0.000000
281474976710655.000000	0.921128	5100	0.000000
281474976710655.000000	0.918933	5101	0.000000
281474976710655.000000	0.912518	5102	0.000000
281474976710655.000000	0.918469	5103	0.000000
281474976710655.000000	0.914384	5104	0.000000
281474976710655.000000	0.907066	5105	0.000000
281474976710655.000000	0.911739	5106	0.000000
281474976710655.000000	0.905105	5107	0.000000
281474976710655.000000	0.912287	5108	0.000000
281474976710655.000000	0.901344	5109	0.000000
281474976710655.000000	0.912182	5110	0.000000
281474976710655.000000	0.888399	5111	0.000000
281474976710655.000000	0.895634	5112	0.000000
281474976710655.000000	0.892807	5113	0.000000
281474976710655.000000	0.901984	5114	0.000000
281474976710655.000000	0.893661	5115	0.000000
281474976710655.000000	0.887792	5116	0.000000
281474976710655.000000	0.882789	5117	0.000000
281474976710655.000000	0.887413	5118	0.000000
281474976710655.000000	0.881457	5119	0.000000
281474976710655.000000	0.887847	5120	0.000000
281474976710655.000000	0.875996	5121	0.000000
281474976710655.000000	0.904216	5122	0.000000
281474976710655.000000	0.862129	5123	0.000000
281474976710655.000000	0.887794	5124	0.000000
281474976710655.000000	0.866483	5125	0.000000
281474976710655.000000	0.871050	5126	0.000000
281474976710655.000000	0.895314	5127	0.000000
281474976710655.000000	0.890058	5128	0.000000
281474976710655.000000	0.855910	5129	0.000000
281474976710655.000000	0.878934	5130	0.000000
281474976710655.000000	0.863997	5131	0.000000
281474976710655.000000	0.886368	5132	0.000000
281474976710655.000000	0.863308	5133	0.000000
281474976710655.000000	0.871048	5134	0.000000
281474976710655.000000	0.843650	5135	0.000000
281474976710655.000000	0.890159	5136	0.000000
281474976710655.000000	0.864099	5137	0.000000
281474976710655.000000	0.887026	5138	0.000000
281474976710655.000000	0.853552	5139	0.000000
281474976710655.000000	0.870320	5140	0.000000
281474976710655.000000	0.837634	5141	0.000000
281474976710655.000000	0.874945	5142	0.000000
281474976710655.000000	0.837815	5143	0.000000
281474976710655.000000	0.870988	5144	0.000000
281474976710655.000000	0.836731	5145	0.000000
281474976710655.000000	0.856040	5146	0.000000
281474976710655.000000	0.833850	5147	0.000000
281474976710655.000000	0.854355	5148	0.000000
281474976710655.000000	0.824951	5149	0.000000
281474976710655.000000	0.847767	5150	0.000000
281474976710655.000000	0.831379	5151	0.000000
281474976710655.000000	0.852399	5152	0.000000
281474976710655.000000	0.822565	5153	0.000000
281474976710655.000000	0.839024	5154	0.000000
281474976710655.000000	0.809752	5155	0.000000
281474976710655.000000	0.833424	5156	0.000000
281474976710655.000000	0.810849	5157	0.000000
281474976710655.000000	0.834162	5158	0.000000
281474976710655.000000	0.809639	5159	0.000000
281474976710655.000000	0.839076	5160	0.000000
281474976710655.000000	0.802033	5161	0.000000
281474976710655.000000	0.827674	5162	0.000000
281474976710655.000000	0.802951	5163	0.000000
281474976710655.000000	0.824845	5164	0.000000
281474976710655.000000	0.811220	5165	0.000000
281474976710655.000000	0.825478	5166	0.000000
281474976710655.000000	0.812498	5167	0.000000
281474976710655.000000	0.828028	5168	0.000000
281474976710655.000000	0.801284	5169	0.000000
281474976710655.000000	0.815717	5170	0.000000
281474976710655.000000	0.798345	5171	0.000000
281474976710655.000000	0.806917	5172	0.000000
281474976710655.000000	0.805925	5173	0.000000
281474976710655.000000	0.810363	5174	0.000000
281474976710655.000000	0.806579	5175	0.000000
281474976710655.000000	0.811824	5176	0.000000
281474976710655.000000	0.794555	5177	0.000000
281474976710655.000000	0.802374	5178	0.000000
281474976710655.000000	0.793501	5179	0.000000
281474976710655.000000	0.798536	5180	0.000000
281474976710655.000000	0.790705	5181	0.000000
281474976710655.000000	0.803337	5182	0.000000
281474976710655.000000	0.790349	5183	0.000000
281474976710655.000000	0.791073	5184	0.000000
281474976710655.000000	0.779848	5185	0.000000
281474976710655.000000	0.776494	5186	0.000000
281474976710655.000000	0.776106	5187	0.000000
281474976710655.000000	0.782822	5188	0.000000
281474976710655.000000	0.788894	5189	0.000000
281474976710655.000000	0.789306	5190	0.000000
281474976710655.000000	0.783004	5191	0.000000
281474976710655.000000	0.789416	5192	0.000000
281474976710655.000000	0.778495	5193	0.000000
281474976710655.000000	0.787874	5194	0.000000
281474976710655.000000	0.770413	5195	0.000000
281474976710655.000000	0.789401	5196	0.000000
281474976710655.000000	0.784369	5197	0.000000
281474976710655.000000	0.778726	5198	0.000000
281474976710655.000000	0.746792	5199	0.000000
281474976710655.000000	0.769593	5200	0.000000
281474976710655.000000	0.744739	5201	0.000000
281474976710655.000000	0.762064	5202	0.000000
281474976710655.000000	0.744331	5203	0.000000
281474976710655.000000	0.770893	5204	0.000000
281474976710655.000000	0.749209	5205	0.000000
281474976710655.000000	0.768593	5206	0.000000
281474976710655.000000	0.745286	5207	0.000000
281474976710655.000000	0.763188	5208	0.000000
281474976710655.000000	0.743101	5209	0.000000
281474976710655.000000	0.756211	5210	0.000000
281474976710655.000000	0.735100	5211	0.000000
281474976710655.000000	0.772330	5212	0.000000
281474976710655.000000	0.727616	5213	0.000000
281474976710655.000000	0.760981	5214	0.000000
281474976710655.000000	0.735191	5215	0.000000
281474976710655.000000	0.763478	5216	0.000000
281474976710655.000000	0.741193	5217	0.000000
281474976710655.000000	0.756232	5218	0.000000
281474976710655.000000	0.726083	5219	0.000000
281474976710655.000000	0.750995	5220	0.000000
281474976710655.000000	0.724248	5221	0.000000
281474976710655.000000	0.751322	5222	0.000000
281474976710655.000000	0.720323	5223	0.000000
281474976710655.000000	0.751036	5224	0.000000
281474976710655.000000	0.714175	5225	0.000000
281474976710655.000000	0.736519	5226	0.000000
281474976710655.000000	0.708055	5227	0.000000
281474976710655.000000	0.742994	5228	0.000000
281474976710655.000000	0.703762	5229	0.000000
281474976710655.000000	0.723850	5230	0.000000
281474976710655.000000	0.696793	5231	0.000000
281474976710655.000000	0.736892	5232	0.000000
281474976710655.000000	0.700653	5233	0.000000
281474976710655.000000	0.727656	5234	0.000000
281474976710655.000000	0.692962	5235	0.000000
281474976710655.000000	0.720894	5236	0.000000
281474976710655.000000	0.698935	5237	0.000000
281474976710655.000000	0.721311	5238	0.000000
281474976710655.000000	0.689578	5239	0.000000
281474976710655.000000	0.714577	5240	0.000000
281474976710655.000000	0.690708	5241	0.000000
281474976710655.000000	0.710360	5242	0.000000
281474976710655.000000	0.688533	5243	0.000000
281474976710655.000000	0.712865	5244	0.000000
281474976710655.000000	0.689250	5245	0.000000
281474976710655.000000	0.706020	5246	0.000000
281474976710655.000000	0.686317	5247	0.000000
281474976710655.000000	0.702203	5248	0.000000
281474976710655.000000	0.683666	5249	0.000000
281474976710655.000000	0.722462	5250	0.000000
281474976710655.000000	0.670206	5251	0.000000
281474976710655.000000	0.686195	5252	0.000000
281474976710655.000000	0.676099	5253	0.000000
281474976710655.000000	0.677896	5254	0.000000
281474976710655.000000	0.679179	5255	0.000000
281474976710655.000000	0.683989	5256	0.000000
281474976710655.000000	0.670907	5257	0.000000
281474976710655.000000	0.682419	5258	0.000000
281474976710655.000000	0.667015	5259	0.000000
281474976710655.000000	0.675229	5260	0.000000
281474976710655.000000	0.664174	5261	0.000000
281474976710655.000000	0.683460	5262	0.000000
281474976710655.000000	0.670974	5263	0.000000
281474976710655.000000	0.676418	5264	0.000000
281474976710655.000000	0.661115	5265	0.000000
281474976710655.000000	0.674057	5266	0.000000
281474976710655.000000	0.663999	5267	0.000000
281474976710655.000000	0.670085	5268	0.000000
281474976710655.000000	0.672161	5269	0.000000
281474976710655.000000	0.676446	5270	0.000000
281474976710655.000000	0.654721	5271	0.000000
281474976710655.000000	0.669204	5272	0.000000
281474976710655.000000	0.653214	5273	0.000000
281474976710655.000000	0.662700	5274	0.000000
281474976710655.000000	0.651746	5275	0.000000
281474976710655.000000	0.666012	5276	0.000000
281474976710655.000000	0.653118	5277	0.000000
281474976710655.000000	0.671777	5278	0.000000
281474976710655.000000	0.663962	5279	0.000000
281474976710655.000000	0.656823	5280	0.000000
281474976710655.000000	0.641180	5281	0.000000
281474976710655.000000	0.662871	5282	0.000000
281474976710655.000000	0.645176	5283	0.000000
281474976710655.000000	0.664104	5284	0.000000
281474976710655.000000	0.637361	5285	0.000000
281474976710655.000000	0.659948	5286	0.000000
281474976710655.000000	0.636767	5287	0.000000
281474976710655.000000	0.655354	5288	0.000000
281474976710655.000000	0.628214	5289	0.000000
281474976710655.000000	0.658390	5290	0.000000
281474976710655.000000	0.638559	5291	0.000000
281474976710655.000000	0.656852	5292	0.000000
281474976710655.000000	0.620149	5293	0.000000
281474976710655.000000	0.656895	5294	0.000000
281474976710655.000000	0.631167	5295	0.000000
281474976710655.000000	0.659337	5296	0.000000
281474976710655.000000	0.628124	5297	0.000000
281474976710655.000000	0.657663	5298	0.000000
281474976710655.000000	0.627557	5299	0.000000
281474976710655.000000	0.650116	5300	0.000000
281474976710655.000000	0.619916	5301	0.000000
281474976710655.000000	0.648417	5302	0.000000
281474976710655.000000	0.619723	5303	0.000000
281474976710655.000000	0.649245	5304	0.000000
281474976710655.000000	0.616046	5305	0.000000
281474976710655.000000	0.645986	5306	0.000000
281474976710655.000000	0.615121	5307	0.000000
281474976710655.000000	0.641022	5308	0.000000
281474976710655.000000	0.613657	5309	0.000000
281474976710655.000000	0.639628	5310	0.000000
281474976710655.000000	0.608338	5311	0.000000
281474976710655.000000	0.637497	5312	0.000000
281474976710655.000000	0.606000	5313	0.000000
281474976710655.000000	0.638378	5314	0.000000
281474976710655.000000	0.602623	5315	0.000000
281474976710655.000000	0.636705	5316	0.000000
281474976710655.000000	0.604311	5317	0.000000
281474976710655.000000	0.626899	5318	0.000000
281474976710655.000000	0.601808	5319	0.000000
281474976710655.000000	0.632168	5320	0.000000
281474976710655.000000	0.607604	5321	0.000000
281474976710655.000000	0.632789	5322	0.000000
281474976710655.000000	0.595971	5323	0.000000
281474976710655.000000	0.626121	5324	0.000000
281474976710655.000000	0.597589	5325	0.000000
281474976710655.000000	0.609912	5326	0.000000
281474976710655.000000	0.592005	5327	0.000000
281474976710655.000000	0.606812	5328	0.000000
281474976710655.000000	0.588855	5329	0.000000
281474976710655.000000	0.606176	5330	0.000000
281474976710655.000000	0.587069	5331	0.000000
281474976710655.000000	0.604268	5332	0.000000
281474976710655.000000	0.576142	5333	0.000000
281474976710655.000000	0.607775	5334	0.000000
281474976710655.000000	0.584067	5335	0.000000
281474976710655.000000	0.606220	5336	0.000000
281474976710655.000000	0.600978	5337	0.000000
281474976710655.000000	0.603788	5338	0.000000
281474976710655.000000	0.585752	5339	0.000000
281474976710655.000000	0.596000	5340	0.000000
281474976710655.000000	0.578723	5341	0.000000
281474976710655.000000	0.591944	5342	0.000000
281474976710655.000000	0.581838	5343	0.000000
281474976710655.000000	0.589073	5344	0.000000
281474976710655.000000	0.575545	5345	0.000000
281474976710655.000000	0.584955	5346	0.000000
281474976710655.000000	0.571637	5347	0.000000
281474976710655.000000	0.585895	5348	0.000000
281474976710655.000000	0.559175	5349	0.000000
281474976710655.000000	0.583602	5350	0.000000
281474976710655.000000	0.567129	5351	0.000000
281474976710655.000000	0.579840	5352	0.000000
281474976710655.000000	0.565288	5353	0.000000
281474976710655.000000	0.584005	5354	0.000000
281474976710655.000000	0.562758	5355	0.000000
281474976710655.000000	0.579389	5356	0.000000
281474976710655.000000	0.571241	5357	0.000000
281474976710655.000000	0.582936	5358	0.000000
281474976710655.000000	0.557750	5359	0.000000
281474976710655.000000	0.579044	5360	0.000000
281474976710655.000000	0.557124	5361	0.000000
281474976710655.000000	0.579091	5362	0.000000
281474976710655.000000	0.554762	5363	0.000000
281474976710655.000000	0.577163	5364	0.000000
281474976710655.000000	0.551183	5365	0.000000
281474976710655.000000	0.575480	5366	0.000000
281474976710655.000000	0.549514	5367	0.000000
281474976710655.000000	0.572545	5368	0.000000
281474976710655.000000	0.547732	5369	0.000000
281474976710655.000000	0.573166	5370	0.000000
281474976710655.000000	0.544458	5371	0.000000
281474976710655.000000	0.566396	5372	0.000000
281474976710655.000000	0.540827	5373	0.000000
281474976710655.000000	0.569409	5374	0.000000
281474976710655.000000	0.534721	5375	0.000000
281474976710655.000000	0.566523	5376	0.000000
281474976710655.000000	0.533566	5377	0.000000
281474976710655.000000	0.567052	5378	0.000000
281474976710655.000000	0.537255	5379	0.000000
281474976710655.000000	0.557788	5380	0.000000
281474976710655.000000	0.540648	5381	0.000000
281474976710655.000000	0.557533	5382	0.000000
281474976710655.000000	0.525844	5383	0.000000
281474976710655.000000	0.561272	5384	0.000000
281474976710655.000000	0.530432	5385	0.000000
281474976710655.000000	0.559117	5386	0.000000
281474976710655.000000	0.537836	5387	0.000000
281474976710655.000000	0.549114	5388	0.000000
281474976710655.000000	0.514312	5389	0.000000
281474976710655.000000	0.547360	5390	0.000000
281474976710655.000000	0.514608	5391	0.000000
281474976710655.000000	0.543285	5392	0.000000
281474976710655.000000	0.517205	5393	0.000000
281474976710655.000000	0.542921	5394	0.000000
281474976710655.000000	0.511963	5395	0.000000
281474976710655.000000	0.540457	5396	0.000000
281474976710655.000000	0.497525	5397	0.000000
281474976710655.000000	0.543809	5398	0.000000
281474976710655.000000	0.526315	5399	0.000000
281474976710655.000000	0.538096	5400	0.000000
281474976710655.000000	0.510288	5401	0.000000
281474976710655.000000	0.534064	5402	0.000000
281474976710655.000000	0.509314	5403	0.000000
281474976710655.000000	0.525267	5404	0.000000
281474976710655.000000	0.503845	5405	0.000000
281474976710655.000000	0.537039	5406	0.000000
281474976710655.000000	0.509937	5407	0.000000
281474976710655.000000	0.532449	5408	0.000000
281474976710655.000000	0.512285	5409	0.000000
281474976710655.000000	0.533493	5410	0.000000
281474976710655.000000	0.507355	5411	0.000000
281474976710655.000000	0.530033	5412	0.000000
281474976710655.000000	0.505687	5413	0.000000
281474976710655.000000	0.526659	5414	0.000000
281474976710655.000000	0.507562	5415	0.000000
281474976710655.000000	0.523654	5416	0.000000
281474976710655.000000	0.505949	5417	0.000000
281474976710655.000000	0.512991	5418	0.000000
281474976710655.000000	0.504536	5419	0.000000
281474976710655.000000	0.514521	5420	0.000000
281474976710655.000000	0.500026	5421	0.000000
281474976710655.000000	0.513030	5422	0.000000
281474976710655.000000	0.495899	5423	0.000000
281474976710655.000000	0.512567	5424	0.000000
281474976710655.000000	0.496403	5425	0.000000
281474976710655.000000	0.503921	5426	0.000000
281474976710655.000000	0.490715	5427	0.000000
281474976710655.000000	0.499609	5428	0.000000
281474976710655.000000	0.489246	5429	0.000000
281474976710655.000000	0.498958	5430	0.000000
281474976710655.000000	0.486266	5431	0.000000
281474976710655.000000	0.499568	5432	0.000000
281474976710655.000000	0.485769	5433	0.000000
281474976710655.000000	0.499158	5434	0.000000
281474976710655.000000	0.473931	5435	0.000000
281474976710655.000000	0.497136	5436	0.000000
281474976710655.000000	0.478419	5437	0.000000
281474976710655.000000	0.498207	5438	0.000000
281474976710655.000000	0.471074	5439	0.000000
281474976710655.000000	0.496248	5440	0.000000
281474976710655.000000	0.468741	5441	0.000000
281474976710655.000000	0.489763	5442	0.000000
281474976710655.000000	0.473821	5443	0.000000
281474976710655.000000	0.496761	5444	0.000000
281474976710655.000000	0.466616	5445	0.000000
281474976710655.000000	0.493111	5446	0.000000
281474976710655.000000	0.463434	5447	0.000000
281474976710655.000000	0.488893	5448	0.000000
281474976710655.000000	0.460829	5449	0.000000
281474976710655.000000	0.488179	5450	0.000000
281474976710655.000000	0.465800	5451	0.000000
281474976710655.000000	0.492049	5452	0.000000
281474976710655.000000	0.454635	5453	0.000000
281474976710655.000000	0.487632	5454	0.000000
281474976710655.000000	0.455210	5455	0.000000
281474976710655.000000	0.483053	5456	0.000000
281474976710655.000000	0.451147	5457	0.000000
281474976710655.000000	0.481255	5458	0.000000
281474976710655.000000	0.455087	5459	0.000000
281474976710655.000000	0.482749	5460	0.000000
281474976710655.000000	0.451215	5461	0.000000
281474976710655.000000	0.483154	5462	0.000000
281474976710655.000000	0.451747	5463	0.000000
281474976710655.000000	0.480819	5464	0.000000
281474976710655.000000	0.446562	5465	0.000000
281474976710655.000000	0.479133	5466	0.000000
281474976710655.000000	0.445294	5467	0.000000
281474976710655.000000	0.478480	5468	0.000000
281474976710655.000000	0.458491	5469	0.000000
281474976710655.000000	0.477367	5470	0.000000
281474976710655.000000	0.448365	5471	0.000000
281474976710655.000000	0.479850	5472	0.000000
281474976710655.000000	0.442722	5473	0.000000
281474976710655.000000	0.468213	5474	0.000000
281474976710655.000000	0.449410	5475	0.000000
281474976710655.000000	0.472019	5476	0.000000
281474976710655.000000	0.447398	5477	0.000000
281474976710655.000000	0.469561	5478	0.000000
281474976710655.000000	0.441959	5479	0.000000
281474976710655.000000	0.469404	5480	0.000000
281474976710655.000000	0.445460	5481	0.000000
281474976710655.000000	0.460651	5482	0.000000
281474976710655.000000	0.443296	5483	0.000000
281474976710655.000000	0.455571	5484	0.000000
281474976710655.000000	0.445402	5485	0.000000
281474976710655.000000	0.457992	5486	0.000000
281474976710655.000000	0.440629	5487	0.000000
281474976710655.000000	0.457711	5488	0.000000
281474976710655.000000	0.436338	5489	0.000000
281474976710655.000000	0.457582	5490	0.000000
281474976710655.000000	0.438296	5491	0.000000
281474976710655.000000	0.455504	5492	0.000000
281474976710655.000000	0.437061	5493	0.000000
281474976710655.000000	0.453374	5494	0.000000
281474976710655.000000	0.437259	5495	0.000000
281474976710655.000000	0.457402	5496	0.000000
281474976710655.000000	0.425562	5497	0.000000
281474976710655.000000	0.447602	5498	0.000000
281474976710655.000000	0.427133	5499	0.000000
281474976710655.000000	0.448672	5500	0.000000
281474976710655.000000	0.426892	5501	0.000000
281474976710655.000000	0.443288	5502	0.000000
281474976710655.000000	0.428620	5503	0.000000
281474976710655.000000	0.442756	5504	0.000000
281474976710655.000000	0.426143	5505	0.000000
281474976710655.000000	0.444207	5506	0.000000
281474976710655.000000	0.426273	5507	0.000000
281474976710655.000000	0.441042	5508	0.000000
281474976710655.000000	0.424754	5509	0.000000
281474976710655.000000	0.437901	5510	0.000000
281474976710655.000000	0.418084	5511	0.000000
281474976710655.000000	0.437862	5512	0.000000
281474976710655.000000	0.411970	5513	0.000000
281474976710655.000000	0.441949	5514	0.000000
281474976710655.000000	0.426220	5515	0.000000
281474976710655.000000	0.444241	5516	0.000000
281474976710655.000000	0.417277	5517	0.000000
281474976710655.000000	0.433207	5518	0.000000
281474976710655.000000	0.416166	5519	0.000000
281474976710655.000000	0.431214	5520	0.000000
281474976710655.000000	0.414863	5521	0.000000
281474976710655.000000	0.429048	5522	0.000000
281474976710655.000000	0.407762	5523	0.000000
281474976710655.000000	0.430663	5524	0.000000
281474976710655.000000	0.406909	5525	0.000000
281474976710655.000000	0.432136	5526	0.000000
281474976710655.000000	0.408179	5527	0.000000
281474976710655.000000	0.424761	5528	0.000000
281474976710655.000000	0.403586	5529	0.000000
281474976710655.000000	0.423054	5530	0.000000
281474976710655.000000	0.399715	5531	0.000000
281474976710655.000000	0.426993	5532	0.000000
281474976710655.000000	0.397551	5533	0.000000
281474976710655.000000	0.423761	5534	0.000000
281474976710655.000000	0.401366	5535	0.000000
281474976710655.000000	0.427910	5536	0.000000
281474976710655.000000	0.398931	5537	0.000000
281474976710655.000000	0.422367	5538	0.000000
281474976710655.000000	0.392516	5539	0.000000
281474976710655.000000	0.416661	5540	0.000000
281474976710655.000000	0.389829	5541	0.000000
281474976710655.000000	0.411028	5542	0.000000
281474976710655.000000	0.389127	5543	0.000000
281474976710655.000000	0.413851	5544	0.000000
281474976710655.000000	0.386364	5545	0.000000
281474976710655.000000	0.419333	5546	0.000000
281474976710655.000000	0.387086	5547	0.000000
281474976710655.000000	0.408330	5548	0.000000
281474976710655.000000	0.389282	5549	0.000000
281474976710655.000000	0.400907	5550	0.000000
281474976710655.000000	0.378910	5551	0.000000
281474976710655.000000	0.398886	5552	0.000000
281474976710655.000000	0.385905	5553	0.000000
281474976710655.000000	0.399296	5554	0.000000
281474976710655.000000	0.379154	5555	0.000000
281474976710655.000000	0.406497	5556	0.000000
281474976710655.000000	0.386126	5557	0.000000
281474976710655.000000	0.402484	5558	0.000000
281474976710655.000000	0.382084	5559	0.000000
281474976710655.000000	0.396338	5560	0.000000
281474976710655.000000	0.376278	5561	0.000000
281474976710655.000000	0.394256	5562	0.000000
281474976710655.000000	0.375991	5563	0.000000
281474976710655.000000	0.387738	5564	0.000000
281474976710655.000000	0.373934	5565	0.000000
281474976710655.000000	0.388018	5566	0.000000
281474976710655.000000	0.369177	5567	0.000000
281474976710655.000000	0.387423	5568	0.000000
281474976710655.000000	0.374879	5569	0.000000
281474976710655.000000	0.385752	5570	0.000000
281474976710655.000000	0.370287	5571	0.000000
281474976710655.000000	0.385864	5572	0.000000
281474976710655.000000	0.369350	5573	0.000000
281474976710655.000000	0.378262	5574	0.000000
281474976710655.000000	0.370129	5575	0.000000
281474976710655.000000	0.379192	5576	0.000000
281474976710655.000000	0.359464	5577	0.000000
281474976710655.000000	0.378205	5578	0.000000
281474976710655.000000	0.360964	5579	0.000000
281474976710655.000000	0.371190	5580	0.000000
281474976710655.000000	0.362218	5581	0.000000
281474976710655.000000	0.367063	5582	0.000000
281474976710655.000000	0.359202	5583	0.000000
281474976710655.000000	0.361094	5584	0.000000
281474976710655.000000	0.359527	5585	0.000000
281474976710655.000000	0.361801	5586	0.000000
281474976710655.000000	0.356835	5587	0.000000
281474976710655.000000	0.361607	5588	0.000000
281474976710655.000000	0.349425	5589	0.000000
281474976710655.000000	0.372265	5590	0.000000
281474976710655.000000	0.356247	5591	0.000000
281474976710655.000000	0.359772	5592	0.000000
281474976710655.000000	0.346900	5593	0.000000
281474976710655.000000	0.366164	5594	0.000000
281474976710655.000000	0.350152	5595	0.000000
281474976710655.000000	0.366278	5596	0.000000
281474976710655.000000	0.349108	5597	0.000000
281474976710655.000000	0.361735	5598	0.000000
281474976710655.000000	0.345301	5599	0.000000
281474976710655.000000	0.357844	5600	0.000000
281474976710655.000000	0.344503	5601	0.000000
281474976710655.000000	0.358285	5602	0.000000
281474976710655.000000	0.340545	5603	0.000000
281474976710655.000000	0.354276	5604	0.000000
281474976710655.000000	0.339118	5605	0.000000
281474976710655.000000	0.355186	5606	0.000000
281474976710655.000000	0.336732	5607	0.000000
281474976710655.000000	0.351746	5608	0.000000
281474976710655.000000	0.334008	5609	0.000000
281474976710655.000000	0.344897	5610	0.000000
281474976710655.000000	0.327214	5611	0.000000
281474976710655.000000	0.343596	5612	0.000000
281474976710655.000000	0.348049	5613	0.000000
281474976710655.000000	0.339763	5614	0.000000
281474976710655.000000	0.332548	5615	0.000000
281474976710655.000000	0.331208	5616	0.000000
281474976710655.000000	0.330925	5617	0.000000
281474976710655.000000	0.329907	5618	0.000000
281474976710655.000000	0.337608	5619	0.000000
281474976710655.000000	0.333614	5620	0.000000
281474976710655.000000	0.329496	5621	0.000000
281474976710655.000000	0.320807	5622	0.000000
281474976710655.000000	0.321302	5623	0.000000
281474976710655.000000	0.308794	5624	0.000000
281474976710655.000000	0.309041	5625	0.000000
281474976710655.000000	0.305820	5626	0.000000
281474976710655.000000	0.303989	5627	0.000000
281474976710655.000000	0.277722	5628	0.000000
281474976710655.000000	0.281634	5629	0.000000
281474976710655.000000	0.293837	5630	0.000000
281474976710655.000000	0.283581	5631	0.000000
281474976710655.000000	0.298814	5632	0.000000
281474976710655.000000	0.280516	5633	0.000000
281474976710655.000000	0.282928	5634	0.000000
281474976710655.000000	0.231644	5635	0.000000
281474976710655.000000	0.264818	5636	0.000000
281474976710655.000000	0.262044	5637	0.000000
281474976710655.000000	0.250374	5638	0.000000
281474976710655.000000	0.241985	5639	0.000000
281474976710655.000000	0.219056	5640	0.000000
281474976710655.000000	0.351296	5641	0.000000
281474976710655.000000	5.706968	5642	0.000000
281474976710655.000000	1.225446	5643	0.000000
281474976710655.000000	1.153094	5644	0.000000
281474976710655.000000	1.465787	5645	0.000000
281474976710655.000000	1.386789	5646	0.000000
281474976710655.000000	1.257577	5647	0.000000
281474976710655.000000	1.308637	5648	0.000000
281474976710655.000000	1.361802	5649	0.000000
281474976710655.000000	1.425985	5650	0.000000
281474976710655.000000	1.400292	5651	0.000000
281474976710655.000000	1.365090	5652	0.000000
281474976710655.000000	1.230780	5653	0.000000
281474976710655.000000	1.367243	5654	0.000000
281474976710655.000000	1.407455	5655	0.000000
281474976710655.000000	1.315578	5656	0.000000
281474976710655.000000	0.895090	5657	0.000000
281474976710655.000000	0.877066	5658	0.000000
281474976710655.000000	0.958674	5659	0.000000
281474976710655.000000	0.941720	5660	0.000000
281474976710655.000000	0.896795	5661	0.000000
281474976710655.000000	0.920789	5662	0.000000
