time (s)	energy (uJ)	charge (mC)	voltage (mV)	crossing#mod 255
2612.166251	26.832296	0.014619	1.835384	154
2613.210194	25.900671	0.014619	1.771671	155
2614.248320	26.159592	0.014603	1.791340	156
2615.295267	25.619202	0.014594	1.755487	157
2616.331830	27.275721	0.014624	1.865159	158
2617.380400	25.944477	0.014600	1.777035	159
2618.414817	26.692596	0.014595	1.828890	160
2619.465118	26.581059	0.014631	1.816795	161
2620.500819	27.396221	0.014591	1.877555	162
2621.548555	26.070042	0.014600	1.785628	163
2622.583105	27.225014	0.014588	1.866315	164
2623.633772	27.017542	0.014595	1.851119	165
2624.669706	27.807764	0.014598	1.904886	166
2625.712545	26.939426	0.014633	1.841034	167
2626.752621	27.712290	0.014574	1.901428	168
2627.795409	27.316000	0.014589	1.872352	169
2628.836611	27.820141	0.014636	1.900759	170
2629.884777	27.448172	0.014575	1.883214	171
2630.922602	28.600319	0.014613	1.957188	172
2631.965008	28.009878	0.014586	1.920372	173
2633.005465	28.283958	0.014617	1.934959	174
2634.053636	28.632444	0.014591	1.962381	175
2635.089110	29.248198	0.014590	2.004661	176
2636.135571	28.309513	0.014590	1.940387	177
2637.171764	29.156641	0.014592	1.998107	178
2638.220327	28.896156	0.014586	1.981120	179
2639.253818	29.816391	0.014590	2.043610	180
2640.306107	28.422562	0.014625	1.943395	181
2641.332251	29.955475	0.014628	2.047874	182
2642.398501	28.508867	0.014580	1.955292	183
2643.415506	30.602247	0.014594	2.096939	184
2644.482546	28.478842	0.014598	1.950923	185
2645.496770	30.699434	0.014555	2.109151	186
2646.566989	28.616930	0.014589	1.961528	187
2647.578420	31.006317	0.014562	2.129270	188
2648.654134	28.275047	0.014574	1.940065	189
2649.660645	30.903866	0.014592	2.117886	190
2650.738415	29.146151	0.014593	1.997237	191
2651.744845	31.832022	0.014627	2.176239	192
2652.819129	28.645348	0.014582	1.964396	193
2653.830283	30.978666	0.014550	2.129066	194
2654.904551	29.437342	0.014593	2.017170	195
2655.919087	31.589056	0.014582	2.166306	196
2656.986447	29.012262	0.014586	1.989034	197
2658.000938	31.583509	0.014674	2.152324	198
2659.070869	29.361071	0.014597	2.011497	199
2660.084797	31.481783	0.014554	2.163065	200
2661.153278	29.745600	0.014630	2.033147	201
2662.168809	31.970032	0.014587	2.191625	202
2663.237258	29.218012	0.014628	1.997423	203
2664.253150	32.040226	0.014592	2.195755	204
2665.321855	29.945084	0.014595	2.051728	205
2666.337236	32.332985	0.014581	2.217530	206
2667.407070	29.912706	0.014590	2.050200	207
2668.419403	33.090698	0.014578	2.269883	208
2669.491412	30.431910	0.014584	2.086641	209
2670.507587	32.899544	0.014575	2.257203	210
2671.577421	29.291967	0.014588	2.008009	211
2672.585871	32.965481	0.014592	2.259082	212
2673.658290	30.883612	0.014549	2.122680	213
2674.670211	33.259766	0.014576	2.281811	214
2675.738648	30.857674	0.014575	2.117141	215
2676.757587	33.186157	0.014600	2.273080	216
2677.825613	31.542374	0.014581	2.163203	217
2678.842385	33.229698	0.014581	2.278966	218
2679.904315	31.553410	0.014564	2.166564	219
2680.928129	33.012806	0.014584	2.263623	220
2681.986929	31.742661	0.014584	2.176483	221
2683.016506	32.699383	0.014592	2.240898	222
2684.068380	32.237514	0.014558	2.214450	223
2685.100776	33.201565	0.014616	2.271580	224
2686.152326	32.627579	0.014598	2.235010	225
2687.186762	33.226032	0.014597	2.276248	226
2688.232480	32.663425	0.014555	2.244066	227
2689.270939	32.926628	0.014589	2.256908	228
2690.314865	33.178181	0.014594	2.273368	229
2691.356705	33.167789	0.014615	2.269488	230
2692.401086	33.104694	0.014610	2.265906	231
2693.440093	33.597336	0.014620	2.297997	232
2694.482375	33.284756	0.014588	2.281724	233
2695.525572	33.464630	0.014617	2.289442	234
2696.566864	33.267517	0.014596	2.279293	235
2697.610473	33.473461	0.014594	2.293670	236
2698.649783	33.527233	0.014621	2.293019	237
2699.691571	33.621677	0.014608	2.301628	238
2700.733635	33.857773	0.014626	2.314962	239
2701.777089	32.900326	0.014555	2.260386	240
2702.817165	33.536652	0.014586	2.299261	241
2703.859438	33.856228	0.014593	2.320069	242
2704.901249	34.312584	0.014586	2.352488	243
2705.945251	33.573219	0.014558	2.306155	244
2706.985343	34.321350	0.014589	2.352514	245
2708.028467	33.837097	0.014593	2.318754	246
2709.072344	34.206749	0.014596	2.343572	247
2710.113298	33.463036	0.014604	2.291337	248
2711.152898	34.237473	0.014570	2.349812	249
2712.196178	33.443550	0.014558	2.297239	250
2713.237659	34.505417	0.014585	2.365846	251
2714.278742	33.409515	0.014589	2.290063	252
2715.321358	34.412540	0.014580	2.360296	253
2716.361462	34.424572	0.014580	2.361127	254
2717.407484	34.410007	0.014595	2.357734	255
2718.443839	34.733585	0.014588	2.380970	0
2719.492197	34.529968	0.014593	2.366158	1
2720.526107	35.157932	0.014590	2.409716	2
2721.578213	34.244942	0.014591	2.346973	3
2722.607937	35.240395	0.014560	2.420275	4
2723.665938	34.637493	0.014598	2.372827	5
2724.690023	35.439449	0.014612	2.425443	6
2725.752564	34.009697	0.014607	2.328350	7
2726.772579	35.619438	0.014595	2.440602	8
2727.835790	34.543510	0.014620	2.362691	9
2728.855184	36.043694	0.014594	2.469813	10
2729.921850	33.923950	0.014595	2.324340	11
2730.936578	36.354259	0.014611	2.488110	12
2732.004270	34.713081	0.014598	2.377909	13
2733.023138	35.495071	0.014533	2.442444	14
2734.088783	34.466682	0.014594	2.361649	15
2735.104549	36.261803	0.014602	2.483319	16
2736.172853	34.508347	0.014590	2.365281	17
2737.186938	36.481300	0.014591	2.500342	18
2738.256642	34.693130	0.014579	2.379739	19
2739.271039	36.573345	0.014589	2.506932	20
2740.340606	34.712238	0.014593	2.378671	21
2741.355730	36.705597	0.014623	2.510087	22
