crossing time (s)	slope (V/s)	crossing number
281474976710655.000000	16.123756	625	0.000000
281474976710655.000000	16.158222	626	0.000000
281474976710655.000000	15.297664	627	0.000000
281474976710655.000000	14.093965	628	0.000000
281474976710655.000000	15.329452	629	0.000000
281474976710655.000000	15.868937	630	0.000000
281474976710655.000000	16.799894	631	0.000000
281474976710655.000000	17.064785	632	0.000000
281474976710655.000000	15.628048	633	0.000000
281474976710655.000000	16.108912	634	0.000000
281474976710655.000000	14.653797	635	0.000000
281474976710655.000000	14.658618	636	0.000000
281474976710655.000000	16.427504	637	0.000000
281474976710655.000000	16.151899	638	0.000000
281474976710655.000000	16.820667	639	0.000000
281474976710655.000000	16.042683	640	0.000000
281474976710655.000000	15.840315	641	0.000000
281474976710655.000000	15.939034	642	0.000000
281474976710655.000000	14.678693	643	0.000000
281474976710655.000000	14.635449	644	0.000000
281474976710655.000000	16.096079	645	0.000000
281474976710655.000000	15.352873	646	0.000000
281474976710655.000000	16.989525	647	0.000000
281474976710655.000000	16.140745	648	0.000000
281474976710655.000000	15.600183	649	0.000000
281474976710655.000000	15.624921	650	0.000000
281474976710655.000000	15.023159	651	0.000000
281474976710655.000000	14.244291	652	0.000000
281474976710655.000000	16.287064	653	0.000000
281474976710655.000000	15.927514	654	0.000000
281474976710655.000000	15.596962	655	0.000000
281474976710655.000000	15.982638	656	0.000000
281474976710655.000000	15.699391	657	0.000000
281474976710655.000000	15.185961	658	0.000000
281474976710655.000000	14.641119	659	0.000000
281474976710655.000000	15.015038	660	0.000000
281474976710655.000000	15.317550	661	0.000000
281474976710655.000000	15.417365	662	0.000000
281474976710655.000000	15.358356	663	0.000000
281474976710655.000000	15.709722	664	0.000000
281474976710655.000000	14.973645	665	0.000000
281474976710655.000000	14.189826	666	0.000000
281474976710655.000000	14.655449	667	0.000000
281474976710655.000000	14.753949	668	0.000000
281474976710655.000000	15.674801	669	0.000000
281474976710655.000000	15.654815	670	0.000000
281474976710655.000000	15.358025	671	0.000000
281474976710655.000000	15.656479	672	0.000000
281474976710655.000000	14.679692	673	0.000000
281474976710655.000000	14.954899	674	0.000000
281474976710655.000000	15.283167	675	0.000000
281474976710655.000000	15.008865	676	0.000000
281474976710655.000000	15.158825	677	0.000000
281474976710655.000000	14.665726	678	0.000000
281474976710655.000000	14.349275	679	0.000000
281474976710655.000000	14.590854	680	0.000000
281474976710655.000000	14.888679	681	0.000000
281474976710655.000000	14.842424	682	0.000000
281474976710655.000000	15.672281	683	0.000000
281474976710655.000000	15.113579	684	0.000000
281474976710655.000000	14.994784	685	0.000000
281474976710655.000000	14.444381	686	0.000000
281474976710655.000000	14.191199	687	0.000000
281474976710655.000000	14.334423	688	0.000000
281474976710655.000000	15.370296	689	0.000000
281474976710655.000000	14.788771	690	0.000000
281474976710655.000000	14.509033	691	0.000000
281474976710655.000000	14.566886	692	0.000000
281474976710655.000000	13.807629	693	0.000000
281474976710655.000000	14.186710	694	0.000000
281474976710655.000000	14.910131	695	0.000000
281474976710655.000000	14.220919	696	0.000000
281474976710655.000000	14.456932	697	0.000000
281474976710655.000000	14.857401	698	0.000000
281474976710655.000000	14.526156	699	0.000000
281474976710655.000000	14.143587	700	0.000000
281474976710655.000000	14.532274	701	0.000000
281474976710655.000000	13.978333	702	0.000000
281474976710655.000000	14.466955	703	0.000000
281474976710655.000000	14.439445	704	0.000000
281474976710655.000000	13.895331	705	0.000000
281474976710655.000000	14.106073	706	0.000000
281474976710655.000000	13.975724	707	0.000000
281474976710655.000000	13.531051	708	0.000000
281474976710655.000000	13.870606	709	0.000000
281474976710655.000000	13.952028	710	0.000000
281474976710655.000000	14.376516	711	0.000000
281474976710655.000000	14.156844	712	0.000000
281474976710655.000000	13.893246	713	0.000000
281474976710655.000000	13.872062	714	0.000000
281474976710655.000000	14.157394	715	0.000000
281474976710655.000000	14.196965	716	0.000000
281474976710655.000000	14.280965	717	0.000000
281474976710655.000000	14.388626	718	0.000000
281474976710655.000000	14.094335	719	0.000000
281474976710655.000000	14.292961	720	0.000000
281474976710655.000000	13.814779	721	0.000000
281474976710655.000000	13.806189	722	0.000000
281474976710655.000000	13.884773	723	0.000000
281474976710655.000000	13.948919	724	0.000000
281474976710655.000000	14.337618	725	0.000000
281474976710655.000000	14.221888	726	0.000000
281474976710655.000000	14.126073	727	0.000000
281474976710655.000000	14.212325	728	0.000000
281474976710655.000000	14.194568	729	0.000000
281474976710655.000000	13.402095	730	0.000000
281474976710655.000000	13.811125	731	0.000000
281474976710655.000000	13.812454	732	0.000000
281474976710655.000000	14.183454	733	0.000000
281474976710655.000000	13.860584	734	0.000000
281474976710655.000000	14.024873	735	0.000000
281474976710655.000000	13.958919	736	0.000000
281474976710655.000000	13.758672	737	0.000000
281474976710655.000000	13.442360	738	0.000000
281474976710655.000000	13.854548	739	0.000000
281474976710655.000000	13.842132	740	0.000000
281474976710655.000000	13.878195	741	0.000000
281474976710655.000000	12.828269	742	0.000000
281474976710655.000000	13.904096	743	0.000000
281474976710655.000000	13.255641	744	0.000000
281474976710655.000000	14.152240	745	0.000000
281474976710655.000000	13.645748	746	0.000000
281474976710655.000000	13.132573	747	0.000000
281474976710655.000000	13.369216	748	0.000000
281474976710655.000000	13.236606	749	0.000000
281474976710655.000000	13.779899	750	0.000000
281474976710655.000000	14.330419	751	0.000000
281474976710655.000000	14.048631	752	0.000000
281474976710655.000000	13.663465	753	0.000000
281474976710655.000000	12.494864	754	0.000000
281474976710655.000000	13.047219	755	0.000000
281474976710655.000000	13.599092	756	0.000000
281474976710655.000000	13.552923	757	0.000000
281474976710655.000000	13.458054	758	0.000000
281474976710655.000000	13.277075	759	0.000000
281474976710655.000000	12.631617	760	0.000000
281474976710655.000000	13.280930	761	0.000000
281474976710655.000000	12.845089	762	0.000000
281474976710655.000000	13.230195	763	0.000000
281474976710655.000000	13.427386	764	0.000000
281474976710655.000000	13.018707	765	0.000000
281474976710655.000000	13.047668	766	0.000000
281474976710655.000000	13.366154	767	0.000000
281474976710655.000000	12.765143	768	0.000000
281474976710655.000000	13.287873	769	0.000000
281474976710655.000000	13.245253	770	0.000000
281474976710655.000000	13.367768	771	0.000000
281474976710655.000000	12.643266	772	0.000000
281474976710655.000000	12.749004	773	0.000000
281474976710655.000000	12.482252	774	0.000000
281474976710655.000000	12.880215	775	0.000000
281474976710655.000000	12.925915	776	0.000000
281474976710655.000000	13.217368	777	0.000000
281474976710655.000000	12.517689	778	0.000000
281474976710655.000000	12.576229	779	0.000000
281474976710655.000000	12.725628	780	0.000000
281474976710655.000000	13.163853	781	0.000000
281474976710655.000000	12.582098	782	0.000000
281474976710655.000000	12.770995	783	0.000000
281474976710655.000000	12.516149	784	0.000000
281474976710655.000000	12.802295	785	0.000000
281474976710655.000000	12.333227	786	0.000000
281474976710655.000000	12.357212	787	0.000000
281474976710655.000000	12.727006	788	0.000000
281474976710655.000000	12.771345	789	0.000000
281474976710655.000000	12.447339	790	0.000000
281474976710655.000000	12.746148	791	0.000000
281474976710655.000000	12.547683	792	0.000000
281474976710655.000000	12.635607	793	0.000000
281474976710655.000000	12.586700	794	0.000000
281474976710655.000000	12.720328	795	0.000000
281474976710655.000000	12.358753	796	0.000000
281474976710655.000000	12.623445	797	0.000000
281474976710655.000000	12.647394	798	0.000000
281474976710655.000000	12.500670	799	0.000000
281474976710655.000000	12.523160	800	0.000000
281474976710655.000000	12.508701	801	0.000000
281474976710655.000000	12.016912	802	0.000000
281474976710655.000000	13.054066	803	0.000000
281474976710655.000000	12.233221	804	0.000000
281474976710655.000000	12.493732	805	0.000000
281474976710655.000000	12.985211	806	0.000000
281474976710655.000000	12.653276	807	0.000000
281474976710655.000000	12.449474	808	0.000000
281474976710655.000000	12.478979	809	0.000000
281474976710655.000000	12.524234	810	0.000000
281474976710655.000000	12.027994	811	0.000000
281474976710655.000000	12.430919	812	0.000000
281474976710655.000000	12.463093	813	0.000000
281474976710655.000000	12.487819	814	0.000000
281474976710655.000000	12.200072	815	0.000000
281474976710655.000000	12.273994	816	0.000000
281474976710655.000000	12.080613	817	0.000000
281474976710655.000000	12.184891	818	0.000000
281474976710655.000000	12.047268	819	0.000000
281474976710655.000000	11.823976	820	0.000000
281474976710655.000000	12.207075	821	0.000000
281474976710655.000000	11.861672	822	0.000000
281474976710655.000000	12.409198	823	0.000000
281474976710655.000000	11.942942	824	0.000000
281474976710655.000000	11.756889	825	0.000000
281474976710655.000000	11.814810	826	0.000000
281474976710655.000000	11.860396	827	0.000000
281474976710655.000000	11.933125	828	0.000000
281474976710655.000000	12.112507	829	0.000000
281474976710655.000000	11.857098	830	0.000000
281474976710655.000000	11.642983	831	0.000000
281474976710655.000000	11.946161	832	0.000000
281474976710655.000000	12.171502	833	0.000000
281474976710655.000000	11.837024	834	0.000000
281474976710655.000000	12.149441	835	0.000000
281474976710655.000000	11.731250	836	0.000000
281474976710655.000000	11.550098	837	0.000000
281474976710655.000000	11.804679	838	0.000000
281474976710655.000000	11.803535	839	0.000000
281474976710655.000000	12.041573	840	0.000000
281474976710655.000000	12.018852	841	0.000000
281474976710655.000000	11.465749	842	0.000000
281474976710655.000000	12.075910	843	0.000000
281474976710655.000000	11.497293	844	0.000000
281474976710655.000000	11.458709	845	0.000000
281474976710655.000000	12.029713	846	0.000000
281474976710655.000000	11.269917	847	0.000000
281474976710655.000000	11.403954	848	0.000000
281474976710655.000000	11.894197	849	0.000000
281474976710655.000000	11.430108	850	0.000000
281474976710655.000000	11.525576	851	0.000000
281474976710655.000000	11.384526	852	0.000000
281474976710655.000000	11.246803	853	0.000000
281474976710655.000000	11.605246	854	0.000000
281474976710655.000000	11.751447	855	0.000000
281474976710655.000000	11.527711	856	0.000000
281474976710655.000000	11.377823	857	0.000000
281474976710655.000000	11.437919	858	0.000000
281474976710655.000000	11.245646	859	0.000000
281474976710655.000000	11.298995	860	0.000000
281474976710655.000000	11.901155	861	0.000000
281474976710655.000000	11.155648	862	0.000000
281474976710655.000000	11.074833	863	0.000000
281474976710655.000000	11.640785	864	0.000000
281474976710655.000000	11.241259	865	0.000000
281474976710655.000000	11.409400	866	0.000000
281474976710655.000000	11.228703	867	0.000000
281474976710655.000000	11.420449	868	0.000000
281474976710655.000000	11.369785	869	0.000000
281474976710655.000000	11.360740	870	0.000000
281474976710655.000000	11.314397	871	0.000000
281474976710655.000000	11.083841	872	0.000000
281474976710655.000000	11.159790	873	0.000000
281474976710655.000000	11.105659	874	0.000000
281474976710655.000000	11.469756	875	0.000000
281474976710655.000000	11.250214	876	0.000000
281474976710655.000000	11.091551	877	0.000000
281474976710655.000000	11.450672	878	0.000000
281474976710655.000000	11.264269	879	0.000000
281474976710655.000000	11.414489	880	0.000000
281474976710655.000000	11.143088	881	0.000000
281474976710655.000000	11.049525	882	0.000000
281474976710655.000000	11.457935	883	0.000000
281474976710655.000000	11.034821	884	0.000000
281474976710655.000000	11.546070	885	0.000000
281474976710655.000000	10.798450	886	0.000000
281474976710655.000000	10.715605	887	0.000000
281474976710655.000000	11.184314	888	0.000000
281474976710655.000000	11.300425	889	0.000000
281474976710655.000000	11.245840	890	0.000000
281474976710655.000000	11.037089	891	0.000000
281474976710655.000000	10.911597	892	0.000000
281474976710655.000000	10.905352	893	0.000000
281474976710655.000000	10.868129	894	0.000000
281474976710655.000000	10.902756	895	0.000000
281474976710655.000000	10.932502	896	0.000000
281474976710655.000000	11.387043	897	0.000000
281474976710655.000000	10.864699	898	0.000000
281474976710655.000000	10.794325	899	0.000000
281474976710655.000000	10.601976	900	0.000000
281474976710655.000000	10.876766	901	0.000000
281474976710655.000000	10.766117	902	0.000000
281474976710655.000000	11.236963	903	0.000000
281474976710655.000000	10.687414	904	0.000000
281474976710655.000000	10.690938	905	0.000000
281474976710655.000000	10.688628	906	0.000000
281474976710655.000000	10.757805	907	0.000000
281474976710655.000000	10.616337	908	0.000000
281474976710655.000000	10.791820	909	0.000000
281474976710655.000000	10.532030	910	0.000000
281474976710655.000000	10.816697	911	0.000000
281474976710655.000000	10.594677	912	0.000000
281474976710655.000000	10.520601	913	0.000000
281474976710655.000000	10.712275	914	0.000000
281474976710655.000000	10.826743	915	0.000000
281474976710655.000000	10.689575	916	0.000000
281474976710655.000000	10.550279	917	0.000000
281474976710655.000000	10.539352	918	0.000000
